138874656174
167594106532
160944631678
165603437482
145410430278
157520309001
170071318829
175118443702
167596066686
183094878099
148573641739
170455213639
165518027280
160894612349
147669375742
166099162156
171635209794
160831179029
151584015003
162566348684
165129153691
149380245714
150239174161
151768588693
152838221325
160681794787
167557530998
146276509763
172689490192
166324041856
139937522345
172710177406
176402956880
164596428878
172005270864
161392173527
155272572762
168943487367
158172614734
167278438205
146748081862
168941230218
157497377078
159039259240
152780611191
156971475365
164673238901
158927997899
173315441766
170569054157
151528751826
152770604825
164320496833
156540852253
166359711687
160359049964
147369464099
162023136891
154632832654
154457645898
