2407021019
2362205572
2378758249
2562600512
2451188861
2289600947
2449562001
2449719849
2406723344
2470186019
2404933230
2472393621
2472001956
2519853412
2522491189
2464783872
2478433258
2541479674
2454371521
2548319634
2443605534
2514613739
2459452280
2425265554
2548243212
2537887520
2390149651
2622133295
2561181603
2484831158
2431277428
2604967281
2488878683
2583723299
2522082931
2471175399
2551936480
2513528722
2544195274
2510630506
2557593446
2406018873
2551227801
2504382677
2562538576
2520638756
2518149174
2531619136
2547533492
2428472825
2464200582
2403388024
2425218799
2366307567
2486615741
2435226922
2484764511
2536775640
2436945134
2404498091
