2.078311743273876
2.075562054610792
2.063450234525866
2.0288138684881942
1.987891532370336
2.130772189663916
2.0842178369767455
2.0328370626926
2.085296976125884
2.0164438478746516
1.9655798871165548
2.093411237459388
2.0415209560596272
2.144180932535277
2.030763570812023
2.104437482414879
2.068152152194581
2.10169694786035
2.0084298389855952
2.0649501242252466
2.1160557724100726
2.092413361901457
1.9899142158090997
2.1288417999092273
2.077757218260835
2.0650154738799045
2.024611817372142
2.0522373938236993
2.0196361432843464
2.173949848752804
