1041620972
1041211575
1027163564
1016539537
1037692751
1036817554
1026317772
1047425109
1030978036
1056033594
1056474390
1017388463
1014926067
1023575390
1061262109
1014872434
1022000707
1023880339
1039838286
1036318411
1037859217
1030357023
1014802056
980872592
985716912
973354362
1017217327
1026622418
1083209964
1030567423
997060122
1028670946
1028984057
986548406
1030125233
983623892
1046595687
1026264190
1047684625
1025336910
1005297331
1030004555
1002017020
1065091583
1025296269
1023507596
1044617491
1002914847
1000179676
1049175348
1055337403
1016935482
1033911680
978304235
1022842336
1010410349
1082400985
990856998
1032601296
1054964634
