1.9847956158294977
1.9465943735783715
1.9483472814415437
1.9774720234340553
1.984083973581418
2.023950770336698
1.9770291224517795
1.9675387112941798
1.9780832049413584
1.953237848243309
1.939241173511712
1.9261952034506684
1.9914819802956996
1.9529691971041283
1.9753167737186956
1.9560380248996194
1.9726915238884142
1.9637845150615265
1.9248458225194343
2.006096804302667
1.9970430638516408
1.9572574497170245
1.974492578141674
1.9573664055585638
1.9571475785054866
1.9542979374422051
1.99386970163874
1.9653402845866943
1.9534169462875703
1.9509008804641772
