0.7711848785538484
0.8164110961105198
0.822119054973235
0.7925617442603694
0.8854974275780634
0.9268151971349445
0.8943640948686996
0.8793068548302505
0.7540203307844605
0.8471104421377031
0.9477833739396873
0.8642624523453568
0.8136569271721374
0.9010887530104765
0.8912460160585202
0.8593159503233163
0.8217991595332309
0.8032778353472094
0.8761363366691152
0.8639068674060615
0.8312572783164389
0.8690598198738486
0.8413656624319958
0.7815433115841118
0.9142754350777769
0.8281301661149143
0.8366867004956549
0.8141206493854881
0.8341075406165285
0.7806757590171871
0.8951728755259656
0.8635764349694647
0.8245994998334407
0.8608074667992837
0.8496227747252202
0.866864729996333
0.854125058520744
0.8331687634462436
0.8282976398985638
0.8671684738601596
0.8386274276632764
0.879214180185425
0.852065051882305
0.7936928705167756
0.8070930660717318
0.8066163211148347
0.8108918529348831
0.925459251221593
0.8252023173162112
0.7850591310909208
0.8328079148863663
0.8561367278662736
0.8378491674122635
0.8426424468793445
0.8162339440915807
0.8296427783002697
0.8507570123255387
0.7804621682197448
0.8021275599920585
0.7850212241739164
