20327255998
20127953098
20196724382
20630710024
20337294634
19787552442
20373159326
19684762259
20254576540
19704524499
19447241946
19495067261
19845366214
19719094307
20102482062
20056819357
20166573478
19741076936
20160457955
20021681757
20094979411
20193841944
19830116381
19782196604
19899878894
19623548752
20438150776
20143184040
20344213303
20480365373
10676120525
10664505674
10703496249
10558558886
10632575482
10683698351
10494081764
10556333291
10390798251
10125530383
10320050043
10185297441
10216802032
10179437357
10007677072
10098440872
10202029370
10129455178
10225145026
10173137323
10405077861
10377467156
10122852549
10380147614
10176951163
10239196487
10156051028
10324093974
10276072448
10149693652
25563384871
25151745592
24911406795
24937005444
24798965576
25537551422
25521854389
25074265069
24931813010
25427496684
25202474823
24933735915
25577840139
24562874681
24849883767
25498900746
24679840283
26308609905
25155084375
24798543495
25077908145
25444974112
25675234369
25159728471
24949855711
25291918354
25181592316
25192427830
25940761246
24800333855
11606086007
11559012896
11452806390
11516091851
11514890441
11470504661
11419372952
11678349666
11263431188
11616243441
11435940479
11305346339
11419402222
11472687083
11437229089
11507031818
11803179548
11289517094
11368872954
11699828991
11334595279
11527079560
11481983935
11628234622
11490565511
11622390292
11433656690
11404713495
11400648669
11414030874
19544120031
19707029068
19660029239
19780239365
20315883386
19445898567
20276056105
19292948785
20047971687
20272423779
19765386220
20023722312
20128546803
20323078176
19723552539
20055258026
20153816511
20718498099
19574769248
19613313359
19847075753
19580111644
20050116038
20147752574
19500191355
19294008609
19618108489
19924515838
20372960323
20310306907
