552156300213
577260742250
599266766141
564627231230
597361937722
589552083564
616546300420
582024318677
577048272246
583445595352
556437498491
548341754097
531414301982
537872580132
581764489114
589778029109
582056748247
561137732786
564752081388
565772627699
557220143449
600646725811
592185033850
599522697713
593510974119
598337583029
579153997944
597631269916
584266119914
597372962611
616603731186
620255481133
661785823410
639319948579
609281819862
615133149015
641308979022
618653481300
605918322633
551283403673
541584340710
554531884725
581800318557
554449738701
558250353039
599553386223
587337195203
591656808376
595905340948
591411869381
581541951769
591473669848
591537931604
582501753174
578251741066
588100722159
591317482034
577116036269
584768579895
594988598707
