160027149361
210403534563
163740600708
185952569715
171175052124
201404438743
166305730417
180476635489
181777564146
211762816195
154790906667
176772404308
177340794291
192615042244
187554039042
160292934653
198700137152
197577411915
191488041188
183259470064
181091813313
181400114072
172442276495
196814574808
204075793560
189910690379
209912087067
208062987062
184322727883
208738094858
179558886399
180887151907
157203775643
193026201000
182091863878
180889633395
199311688210
215738867972
179195532001
188805069023
188747823029
217307774218
182491790316
203516921740
200736844978
188705286592
177767327165
200113398210
186563978744
199922278615
174825954557
193715098311
167425521968
182019141480
199392767628
180517054024
196083835279
180349094425
193665096703
180914063526
236474697678
198471594512
183252343649
195781540034
206561086984
183138014242
194262515719
173830781027
187575380964
163082378282
184860035223
206195482921
196512952440
189749437597
171737409724
189046218564
186460031124
196410487251
182580325577
189591162497
187379069926
188693059199
219527555658
233145575302
224020518311
183767658598
178317897681
183597619191
161136405201
173133028920
191756715905
194618682408
168601205651
188900763256
181578494656
162946105345
193705095296
177467934662
167342131904
173432950681
205933765893
201479102480
182778995373
172595994800
227303919654
200663816177
169530576617
212586738259
179747565913
195961969767
180312075842
189935153829
179473394160
172845544941
194430659827
168797590347
195305416767
191318011369
207718116746
181760976652
198959194713
198955533650
175010827658
174588240864
208630783327
176997704365
395982338014
183044177033
199136981886
184576387264
189949028937
216656427532
190222522691
174873693581
208727686386
169406674922
184496091671
195716055831
174943223532
218639832353
169687712823
185816357358
177278455018
185989865301
191543244045
188026183690
193655956479
172818492070
196389068938
176456750119
164216780572
210868079032
210557036910
208004222585
176625547582
185970799195
177855416375
186187537741
190055089683
219172377177
182268306290
197737378711
210299691788
173158002132
176698018292
198541056322
169931094325
199524982082
183657591764
168263875729
199235226442
202244262044
190915195639
190681232196
175609967731
205199497618
155797649149
200934329993
203715194583
180648729755
165875036099
237981130132
196737337679
207039530181
183215104235
177718412970
171661669512
215805756552
173845459665
200189801573
204525356918
193894365734
226678771537
181994146242
194963911867
172579546335
154217303177
179750179612
186748553769
170159012094
228423108597
188817768192
212593887890
172467199065
196868769345
204231974262
146808792989
200687316188
194570371430
179302844996
