15685244943
16161761050
16806035556
15585170039
16097589292
16046226446
16108753324
16478085098
16109374873
16403730857
15560085194
15624578219
15459187458
15446551692
16520572545
16449869009
16046928536
15563620959
16272208606
15821940207
16001145735
16140156723
15668271618
16328261714
16324798362
15601401775
16287601156
16159526247
15749182121
15768759945
16414967628
16957143816
16996033229
16755867555
15989671515
16087700376
16979931609
16178416191
16564846637
15760575310
15995048692
15471640044
15600103106
16212912023
15836451782
15959164442
15519679988
16072313283
16660673350
16034718234
15921188962
16010886704
15982072399
16608729222
15960103041
16494099721
16278155973
16010031858
15791355626
15671076243
