1001696181
1020345708
1043795072
1016625550
1003279901
974626777
1004834919
1014965960
968752336
998137357
989141172
1032269979
1021629316
1008649063
1029283193
979123404
1026776016
1018859857
1036795589
987201175
998903958
1000293697
997628370
1034865875
1029349284
996113523
1031008734
1000253223
1020969765
1017846835
1017441470
993731091
1021829975
1049596024
1015795871
1005458905
1004893099
1021179134
992935394
1030304124
986408126
1018417683
1000058333
1016588788
1001776772
1002427077
997072402
1013657296
1037439003
1010812502
1034455178
1006390663
1039322055
1038272565
1018589295
988875026
994050485
984611828
1041182091
997602888
