2.1070620982409842
2.0606590464476353
2.0514717955043102
2.0481549927679743
2.0845679753991435
2.0340303799564095
2.0205646050863457
2.0489233548859827
1.9690931036448474
2.028907459066708
2.090113557271939
2.1372227654738185
2.0587792823361104
2.0810750497688333
2.0168109825095324
2.017287976077068
1.9915449804739114
2.0647418336158836
2.0224075092639353
2.044179376248002
2.0405379171746216
2.0547064515609037
2.014806630417548
2.1078115083307707
2.011356461646912
2.0567121953431258
1.9857919791190355
2.153836914649746
2.113750704121694
1.9888126382670148
2.062150755311188
2.0716093856895372
2.000166432457114
2.0833820717480793
2.082303198329516
2.0560299432601807
2.07764140300392
2.070505496033552
2.000600168568291
2.123505699160701
2.15360445959897
1.9826756676677135
1.9994792884717574
2.0386317619542695
2.071320390342218
1.9880453787786418
2.0886136716814185
2.1103080599656496
2.02439340981236
2.039897064810342
2.0740186124194775
2.109865709609051
2.0834558095676243
2.0691232050588235
1.9933577305776846
2.1372166493983413
2.108406528583396
2.099033391101561
2.1564827135609037
2.0208174619948847
