1005137754503
987007599838
981688459685
961523665215
1027464190377
1012041100896
1001293683768
971128570395
982568302703
976043624384
971167182945
983606057868
956875265432
971030682003
973796617320
991305519005
972766924739
981903936043
976748443950
976853836686
984577882850
1007454694062
993110344506
1015893552205
994563923099
1006845870153
1006982344067
1011888860677
974169199554
997247975776
741526106094
727654151926
732723793161
733740002988
718697336062
725102977905
732971052343
725813156682
731031025739
747692928355
715023717637
732458028380
719174829034
725337437922
743622913037
747990417555
723958039878
722245319741
718296818333
700789614206
716914816590
722772244226
722103624913
715559427156
735654416306
727108561808
725470534917
714584383467
728382528243
713701117824
692896673159
690361885334
672348355068
698272731763
690458331294
671882884259
716766436035
694311909056
684021548450
686052126482
674106706024
672718536053
676672791603
681267010905
654770665314
681294772702
663861110912
676913835827
680018540954
695043047149
695455362752
701884601502
676031370878
675754616066
675955727244
697940734806
699400853192
693537653501
689757325444
698502881735
1224985756013
1237128401843
1232588495508
1238625194646
1230583210215
1235695362614
1233145822309
1249799620839
1246613277231
1230606994951
1227728232823
1230541802422
1231596698045
1227467139981
1239322472307
1247397819729
1244305797242
1242775226035
1232095600920
1240476832644
1239379784203
1225420793489
1226457912600
1243843301495
1241525967446
1217627207866
1206276963916
1201869024341
1196178791969
1223986598039
703826883136
712225477591
701086952506
703892307917
720863867794
716709467666
707864532597
701255904338
713973238745
710655618677
698301869095
708191237390
712633547738
707064111678
749912597224
694282308895
721852622963
704787483497
742926618805
710425772620
710593347049
686142722510
711880277986
715317736039
719655242192
736165498231
741030723134
712938715731
716927100540
715180052418
