25.627568851617905
26.36545986617479
25.831048930484545
25.84307311677788
26.00943699444207
26.52820777690658
26.071455331046778
26.246329099730747
26.206368295596306
25.691853840866983
25.549174235423795
25.20303068437766
27.040900918486177
25.959744312960876
25.357401692767727
25.452192369469955
25.74301637691987
26.204302142082863
26.358183571798836
26.201629718584808
26.453145551600148
26.750782780804823
25.56976559711327
26.527049373178034
25.879996305309582
26.424646887724894
25.942517826321204
25.930423774106785
26.835298632842257
26.59324296633136
