2612417628
2710067989
2672514922
2678647366
2648224864
2687031853
2619908160
2624481268
2651742962
2656819085
2625855031
2681754833
2617554219
2641695504
2634441764
2682039821
2694793347
2666260595
2656115002
2607945876
2641530267
2696244203
2696625760
2648443524
2718984565
2676801456
2688924155
2675286229
2650853522
2650427731
2714924684
2669059839
2690440300
2658106919
2695533439
2708291674
2712002938
2710266079
2694063892
2668283653
2630277323
2635045308
2671085555
2638563911
2604228825
2692074038
2669839283
2674208224
2687951328
2701246821
2658772438
2625621272
2620649934
2633077975
2671444939
2636052242
2658114105
2792377805
2693965035
2678926446
