17029966355
17094838042
16653378867
15137305058
15065304285
15570287245
15220822292
15086457034
15198650377
15228207661
15169061333
15931732753
15221598300
15211468417
15257263007
15630262831
15186633484
15619854888
15063058694
16174380771
15408398957
14989734776
15146622792
15798290003
15440076605
15369852266
15497776696
15245361979
15246082286
15109522607
9435298331
9503259868
9440777237
9338138297
9412808391
9128267663
9195057983
9309258616
9176011827
9185301175
9377593831
9301247709
9415425411
9606800348
9304296687
9442629257
9455320165
9384291582
9430927544
9476662207
9334520468
9316008488
9482358415
9122598899
9338823290
9240726438
9110100508
9372777976
9257188878
9256622466
