3159255727
3062181428
3206626252
3423460079
3316103718
3296846125
3200651754
3152840700
3158876840
3224660938
3205230938
3209461403
3248342318
3367132499
3299998059
3136409738
3322397610
3221802393
3237484707
3158557879
3277445796
3080191349
3290331087
3061725128
3233133945
3110833819
3246561291
3354317030
3179774896
3322143259
3134809507
3228984871
3202412395
3245310617
3310689618
3244578365
3206249063
3146417873
3239684798
3257886516
3233549847
3157640482
3176147073
3293154209
3330439659
3182174745
3275184547
3191863480
3254349032
3215571542
3231702280
3118332103
3196768150
3182235371
3271025195
3195324104
3195387750
3076512796
3272418816
3111622656
