280144314583
266854546978
252685522561
265062705638
266123562015
263091547343
259296018967
243738576099
268423763313
256021436698
271591087703
265782861945
251050858115
260591216456
259918469682
254080175557
259418833808
253616347184
265953702266
266965635029
273002941476
256397680061
267244282610
263690833390
260958776336
259263891970
260025609477
257915377812
250460710110
266843264126
260848313053
262314436194
264273417150
259634914890
257690333602
261252712352
253975991494
250984219114
265548431837
267109341984
262588266973
265642686954
260938365155
263459782539
266044925863
271096078968
265070295148
261286120289
272476366085
259813299750
267422746465
250766828774
263253173507
261561031706
261555500388
266722958005
265345532949
258540695099
251065566174
268238662344
