576495341173
574424201467
595845059946
547378299186
552184764432
562429375514
559696680667
565582467684
558603782459
542028187183
551526876588
542135000348
555358316127
563923898791
575951264732
579865187913
552938344997
550256651882
550801911637
559497434570
552112874797
591840378357
580993924757
601325857750
601721094914
587526504611
572353246715
597683648871
597398420939
591699131690
619603729467
623839868701
642606748853
618687843278
633433671232
619781919033
607466030939
621334850579
574709163605
538414517464
551886523958
549613599618
551877320945
543091081864
555714470714
568162882461
570967099258
571773617414
574431007106
569376758037
560830419102
587972456599
571746573957
556871392327
580543446036
571081549899
564038572422
562731692228
581775122131
578515159504
458741382367
451165827867
455260402549
449722150989
459561171642
449735568885
456900337359
451163016023
470358100550
459328950060
461048080828
453007572345
453026691545
477037597327
465505806260
465415296055
466293493116
473305471554
458290348482
456607816954
442277017718
455685767896
451042667710
459939245893
457235317975
447319839786
461645697527
459087924027
418672012389
451913758575
