1048089291
1035897705
1025087764
1017907669
1010546892
970960048
1024874877
1019400986
1044002080
1004294960
1020005340
988402837
1000066299
1047909866
1027731324
1035095340
1036012902
1020275333
1031199428
1014951372
1017309844
1013190236
1051371147
1030214213
1015310263
1007945195
1021690093
1013105818
992280930
1005935654
1003773758
1019083915
1035823107
1039226046
1028873049
980799013
1026167129
1026615854
1043747035
961444298
969709640
1044545796
996607577
1031585226
1022022588
1017046732
1034797204
983641388
1033143761
1004224039
1034123898
964614094
1013346431
1017430912
1038589666
984273558
1013194330
983912803
1009403763
1040731878
