2426356694
2501117600
2443386361
2439554417
2586191154
2533291793
2410553745
2543975428
2509964942
2422592218
2517739633
2632259786
2584539712
2593644943
2501616387
2475597773
2650811077
2503464310
2634392040
2321539720
2449001807
2506583038
2622288454
2518877115
2577793798
2617698105
2387401342
2493897413
2584227881
2581876017
2519636955
2438813605
2372002178
2483937728
2479057155
2413374125
2634143483
2597186239
2593138152
2378274607
2376168518
2340907276
2477165603
2463683612
2624139895
2461957575
2356961722
2394121697
2660680786
2437221476
2547301430
2547398306
2600227727
2470663823
2468338536
2437485782
2535556683
2583751883
2498487296
2383827682
