3192693493
3109578927
3202262393
3238907644
3009274669
2923735075
3061596421
3035264648
3327110910
3042491440
2823237501
3040886414
3140560229
2979162793
3101690543
2937728222
3164587895
3007732124
3005314907
3003271038
3182319884
3024677963
3059093001
3118303266
3154383189
3017886982
3150854716
3105031582
3113749609
3152029651
3053996601
3043846366
2956242889
3065772180
3036314561
3081346364
3095461585
2987715099
3039377947
3073674054
3092087088
3057625131
2951136698
3132170531
3174298786
3012705354
3196153496
3001354023
3102936840
3088475567
2938333682
3150435593
3022137268
3085122630
3071846041
3081356268
3019022881
3201473803
3007029639
3182572569
