0.7274086315884263
0.7418982660463209
0.7319016799186342
0.7462176348705727
0.7380365731537143
0.7309623958167071
0.7259748486705645
0.7317450408284952
0.7375349177100904
0.7382522882548023
0.7433165577217157
0.7519735486381468
0.7578085276133049
0.7450622414290717
0.7362306055823199
0.7378201896126291
0.7401703304816463
0.7451315193595417
0.7538495407157008
0.7361302632001437
0.7420502562024088
0.7371675953605537
0.7191134435136188
0.7274342167159719
0.7345615827864487
0.7480508680496941
0.7377424189162628
0.7233167203110483
0.730602232851395
0.7290792105903612
0.7542336982818476
0.6889646532720444
0.7162229630691241
0.7095800528407373
0.6988932884822501
0.7185274133444962
0.7045075517993638
0.7060986222630619
0.7079100965408679
0.7218925455223096
0.7452875565171566
0.7583715589659918
0.7275268007309389
0.7362534152515803
0.7270190450859104
0.7385215966828461
0.752104819508333
0.7244556197363932
0.7227156769260298
0.7434439346593096
0.7292234715519441
0.7370976802379028
0.7354658220193262
0.7258981530815801
0.733454606231289
0.720849658441616
0.7440860550656012
0.7336656368963791
0.7269169427565347
0.7335044674257721
