50493843748
50155817121
48486712889
48869158736
49763266364
49547982493
47508747045
49010618296
50156686265
51512925400
51857159112
46954060926
51263368188
48418260836
47029040461
49942887459
50497279946
49684996896
52763066401
46949819621
48953615223
50274550594
50048478988
48685266659
48987150911
48977822744
46893987328
50381171011
50599806322
50509408337
50605827546
54328060849
49501373195
52140451424
52149141975
51833371860
51070706737
49169237714
50215132848
53764568455
50466612653
52532540781
51679995013
52374556748
52441169415
51592442682
49289697671
50773750934
54862124403
51561760231
52920536712
48672509080
52156791027
51259844517
50812535915
49800085148
49637967529
50032519093
47576672164
49087437333
