1.965738266000789
2.0236266142973025
2.0616792541004116
2.0466705216917362
1.9986079073386211
2.0511526318888484
2.1041096772090926
2.1647959204821503
2.0115157787601605
2.1035737642335324
1.9906492969652314
1.9757658228731074
2.103503440412897
2.059372009765897
2.0755464308418747
2.053662420587137
2.0805751932545733
2.112132623992631
2.001712105637426
2.0202629290884118
1.995229379382269
2.030403047266007
1.9901575144201957
2.0722538462470235
2.0695618238456905
2.083801118528031
2.071724878997092
2.0782622954145835
2.116109049359664
2.0330041348314762
