593126271294
591632223278
602399003545
555773341319
547908192926
560722753119
563253150905
546240571007
567047732981
565266712989
550823507201
564465362874
535342004157
544597513613
546001810379
546004713391
538538699617
543234620300
528334901653
542841534472
545093234797
531629322533
547754858007
548172912016
545916208503
535672934834
555022138746
546558955873
558507136328
553707038533
425742806498
450851032400
428187474097
436920003657
413878052549
404576958510
421737583169
410813903206
409128421790
379466011570
410861502845
415203277434
422709494806
432701351554
424135793063
401577919867
448534935029
420673629522
422069666755
430382776733
393515182241
428159059379
434055268186
412682240014
429620796239
406195889678
406602568044
416688976030
410952238911
414119168345
