26.237569729334542
26.04120993510416
25.738082997359164
25.572564245298906
26.312083885382663
26.47056076501976
25.965315585105607
25.913083415855947
25.71084476992484
26.530119237833787
26.304961707066273
25.580316573834033
26.160463827709783
26.505319291407957
27.17314161525118
25.33298429926607
26.278122528141207
26.729581194470242
26.992139036416756
26.439910475332983
26.39252315552283
25.71081288637074
25.62732671953607
25.44659511994427
26.414560360857177
26.07358517486728
25.84572412845566
25.932463405103963
26.016705188910823
26.048193300321643
25.779189915065416
25.693523968307524
25.46112183693023
25.572586184619144
25.682760257805214
26.814904206906533
26.39351026141953
26.525359506445017
25.861046191792063
26.141552720137817
25.72317083308405
26.796444301954686
25.13847971932882
26.115132921258954
25.529010398356682
25.75606639564054
25.097622614993004
25.861281271567893
25.683296789609837
26.441151953363075
26.130494137518447
25.64092895860667
25.788987897695815
26.08907653754854
26.218204516401084
26.014536349852634
26.333838268133462
26.23746872650539
25.692425838324777
25.480511276945293
26.4738778075418
26.007375106718484
25.719108084136483
26.301391206715262
25.514757819276397
25.64956770775356
26.505824855702137
24.607297357256964
25.56561344161902
25.494807142175603
25.57373790539998
26.187150369997497
25.828469742808203
25.35140309834129
25.99474184766537
25.388928330215872
26.584393288038548
25.892089824697145
26.014519878014468
25.805653487071357
25.444908256882037
25.837495446590488
26.2435917751865
25.99413796455583
26.23679712129463
25.714794418807795
26.00324579577403
25.981579138955023
25.697376155819924
26.08703039866937
26.115631548549196
25.6077716793623
26.923443782573774
25.56917154209445
25.849907871752514
25.2022015993923
26.081835595810904
26.015898871027037
25.42910598031562
26.530723552211562
26.320536542493876
25.613093582872665
26.183627318685133
25.96509508598917
25.75668110151426
26.86566136289288
25.567088683046496
25.61630525704756
26.46346682631363
26.07173510932198
25.295062588420684
26.37491983976976
25.978927956150255
25.390796231776296
25.56093496360694
25.10634546374121
26.7365409200536
25.692894738163048
26.57054838009457
25.6911865583708
26.531872251934207
26.53802453250089
26.57100532720749
25.77865218972849
26.448059778178205
26.114684341305093
25.821358921005285
25.971147977151432
26.78379185007923
26.407036246225573
26.39331238774167
27.31014548087081
26.296464220909794
25.88938315948544
26.511445628812503
26.925418470747246
26.58023496407629
26.091944789022918
26.050143726927416
26.178523839660084
26.378006760270946
26.122578555506053
26.204399552089324
26.42573358838296
25.425192953481044
26.141981672995882
26.69469528844602
26.257893932231458
26.642539323700444
25.19409363064986
25.710265687380534
25.989381304443178
25.002624711110993
26.668622154720495
26.095719040781663
25.920138414519812
24.743695094234887
26.393039284439208
26.22897517257603
25.79539902347247
26.54165968868698
25.82878209027868
26.43211209041186
25.538776412262155
25.695385116439702
26.5269160749021
26.28618068841272
26.49606864667652
25.60299824804883
26.079406516266353
26.05132097509394
25.761253765824264
26.43767895562522
25.67631466525478
25.456538274894775
26.429309854007244
26.02071366977128
26.48151578314896
26.225448374345735
25.95135225045529
