136792693908
136680099441
136124835797
138498690330
137999537451
139413541765
135341083035
133865810663
139740788908
135166917179
135696790019
138206243690
137765721235
135424754153
133764176121
138279021133
136824102933
136756041881
134900134792
135935063404
135246192258
135322783850
133694614306
135325567899
136066475736
138110529399
136653928147
135400905481
135015454292
135559411357
131522214297
134968414943
133540643445
136457484506
135757034903
135738140293
136838218516
136187671454
134784654662
137298312396
134127321899
136712877227
133798568937
138056769565
141260255577
137552246956
137103036328
137631185786
134933836604
135525690087
136874659108
137253225530
135117604462
136724122658
137248354743
138329393987
133018873063
134212416389
135792524604
135313221670
