2886074985
2812567376
2846070144
2796898229
2829358767
2758623913
2779678766
2819097687
2751464012
2802453250
2800429983
2842483183
2766713524
2787683814
2829713028
2816256109
2819615519
2807437153
2800297139
2821724290
2792469732
2856489923
2906905184
2916515672
2930628866
2884636057
2864295824
2844775440
2868867995
2825791912
2751892134
2877423399
2843402194
2841318700
2902511284
2824289659
2937111892
2889649902
2802516037
2831222279
2802594729
2777661500
2789140786
2807257159
2795094582
2810738075
2802672795
2789667452
2853459034
2757724955
2795912228
2799646354
2814782453
2872698179
2795862286
2838323982
2678925251
2792641218
2895410959
2809632953
