728371949843
727882769873
726599608727
735804048327
731775541302
734318287761
722164659614
719542271087
739055235174
720696203642
726087427801
730765601521
730306374097
721398021519
715308530988
736302666055
724202641836
729239423003
721990921189
723335749368
721648026590
719559239889
719549808809
722121991442
722663466370
735461722593
728304666387
722552952890
719417511183
722802086245
708000319815
720256801521
718084060350
724440088106
728582942412
724268065608
726357691383
725189269602
720722937497
726469820247
713029458594
724659175211
715553978099
728597800392
747610583478
726309301470
729497367393
729314358457
718986917040
721233104849
728710614390
727679461585
718802900741
725932682548
729439327221
731848076663
713554991880
717724337203
721830950246
723742770223
