417102191163
404221777704
420396761704
382675111903
380987039074
394611283551
397117484542
376386439994
388275227051
389365381579
382108722345
388626207854
372878698559
375843466172
380691361549
379355551090
365185035371
375651479921
367688858799
369203267978
371654747188
367482009853
378113779579
380935957672
378209071025
367123484548
384076085360
381734107740
389003664762
382017964773
298893902554
326463232028
308485220678
312102619732
292754789761
285423897423
300898911222
293500465657
295797144065
268394449255
289814193117
291663888193
305456583023
309248475386
302880461547
291847803497
328713697727
297650710180
303302361634
300716828959
284590124148
304914322961
309397078155
298126368579
303557288580
291865658567
292086741206
298118047200
292642116732
296791571564
365760219329
361327014381
362847648485
416897614328
430875182662
438011102581
433687473339
436641760476
440035658999
432185751743
422002666172
429870712911
434191141649
437731680884
439971923086
437739924543
432401791191
432350642106
430611775500
437388748291
427630513416
425957240637
420674744659
428323540167
431951909594
434931111060
431418703699
432486794565
422540029757
433758636295
386724011420
378987421343
395305329621
421128473785
424923216694
430406661115
415663267776
423370698058
420770873888
440313692477
431047644447
432009413493
428525220972
423467662148
423917329270
433105002180
419977302064
420762156773
420909897035
416720278492
408993751256
415737822106
421935768792
425699165188
419624485280
420998103524
401554634156
416388838738
420525054746
409273733094
3443094497080
3255433305362
2928936004291
2921533125645
2946172901490
2986757193037
2953467792171
2947885906654
2925663288166
2978632153743
2974879595843
2943859019915
3012522800304
3001946899073
2920203997014
2995875610859
3015954020719
2952503952372
2939377624633
2948463731641
2900706048233
2916714161807
2982025510396
2940348156097
2972907677220
2934921133903
3005466977662
2943328184963
2929275242477
2947927621837
