2.00513333634307
1.9937525865148402
1.9874518552038263
2.039359006275363
1.9461712452503857
1.9843125123052947
1.965269997013022
2.0038562248610954
1.9691212802175635
1.9592011509752598
1.979764056932075
1.9740321761330983
1.989501947925697
1.9395825841423124
1.9783579679207008
1.9293123994521508
1.9595312698496914
1.979258971412395
1.9358583661039381
1.9404196746490128
2.0019676233955788
1.9653913601105706
1.9629165237464163
1.9446964692369493
1.95263282235421
1.98379065886575
2.0189286335106864
1.9594025073210817
1.9751447331448773
1.9609594025811476
1.8068013774125573
1.81063578460843
1.833005252713614
1.7818692898951733
1.8284049343269109
1.8277931446669657
1.807165114920824
1.8174382234027027
1.8869454693827497
1.7827692594867453
1.8286790652643665
1.809422005035644
1.8450225375412992
1.8193290033364968
1.814796246988598
1.778528685194864
1.7972443994059446
1.8231339687409949
1.8367247003057672
1.8438518280962175
1.8208479021656767
1.8203862097901935
1.8435085729232557
1.83942991803818
1.829204903129479
1.8430593454472666
1.8909817876732193
1.8372431858453535
1.851807128850268
1.8380593755938424
1.715158933077636
1.802001404050057
1.8010777870033954
1.759049850899903
1.7826184992728453
1.745210259750703
1.7851208434746988
1.7743942709195997
1.7524466287992646
1.8213252549784589
1.7655554945198586
1.8018589755073071
1.72936076125089
1.7412552641777927
1.7810870751962957
1.7807977502922794
1.7932503290629442
1.7801458070199883
1.7663443769642022
1.81618560787731
1.8032056682925284
1.783669126684756
1.7568484478725235
1.7585184977018005
1.7852067452389648
1.7642107950292756
1.7788670267403262
1.7418750242192245
1.7618716378110366
1.7782399528862565
1.8967746647114874
1.880906485870621
1.9331792551566684
1.914584954589774
1.896557985512382
1.8985404251839162
1.9092667950855073
1.8968665775597786
1.886966717613587
1.8888533342935856
1.8977131610071487
1.9143872281006094
1.8907496234573118
1.9077914174534403
1.913358489584129
1.8786358517689128
1.9187328873255556
1.8674557810615773
1.8552838573659767
1.8962113828976237
1.897945705258212
1.8933652502037726
1.900379821541963
1.939961347149054
1.9095965042786027
1.8906103414350248
1.8866091523981288
1.8824506119649
1.8667301658843032
1.8788880907520185
1.7418494015715682
1.7886703112773783
1.7192091631128696
1.721701706429644
1.732524299904338
1.735770144733535
1.7645410420543441
1.7635927488582817
1.7593809153828361
1.7267684419881741
1.7822595402542198
1.7498065630769368
1.734460572374713
1.7686946709358295
1.7044877523011592
1.7942290074016594
1.757980726211001
1.7813992916529238
1.7236089653463578
1.7601243426469755
1.7676803948060051
1.7736684885403375
1.7848374369889703
1.7868794209390946
1.7284831353467474
1.7373268777906978
1.727004714909186
1.7529137483544028
1.7878010266936764
1.7263881742202578
1.8236432702258398
1.8351581048229024
1.826771869275881
1.8298652260512809
1.8427109664647703
1.8061259093246544
1.8244422736917998
1.7785209062613376
1.8516064352536044
1.7895330126934073
1.8260723405089687
1.819578252494864
1.8318310806884144
1.856861899755925
1.8462281139980368
1.802807876410006
1.834169810493356
1.8229236769874264
1.8272289311510073
1.8534364462971897
1.8297921721775572
1.8167711381543334
1.8598338052671037
1.7948085627514956
1.8822108998970615
1.8249711908485438
1.8489033540094135
1.8379140431479633
1.8280960795206456
1.8168241566956191
1.9669370409421842
1.9579149485600527
1.9614281901415076
1.9435608082940727
1.9854011563824308
1.9839408231056597
1.9737319198262289
1.980516791507594
2.036250921502649
2.0004129795204393
1.9720160350866316
1.9860656201996532
2.0213455743708617
1.9837553457351227
1.9503595196088483
1.9558261237849004
1.953851080357066
1.977861928282438
1.961465924271886
1.9784804312139717
1.9450173614300077
1.978448644177481
1.957571731505297
1.9350188300399294
1.972384163958317
1.939905716427825
1.9856531250596263
1.9307076798189229
1.9393819116714264
1.9696326168194482
1.7299491690132758
1.7781728318623187
1.8017590783008266
1.7553098064481527
1.7558417532289032
1.7639556528737377
1.782976182407944
1.7320006145348708
1.80189367960603
1.7847951509866167
1.8100237681337024
1.7706911974974315
1.7701315584027661
1.7596182843387407
1.754325957193943
1.8003524327911624
1.7710462011880035
1.7766908150538405
1.779248260170662
1.752827707327485
1.7683027208748734
1.7963648953565337
1.7349626216344893
1.790036815495608
1.7281798815890699
1.8044240097760904
1.724369626211161
1.7789958449649843
1.749140163279149
1.7712022076419958
1.7640806943673426
1.830251089448762
1.7199781702465704
1.7491763104026856
1.7788701798971636
1.788987763316879
1.7678460504857916
1.77535860683658
1.7643880597051549
1.7787829167374807
1.7761377159145189
1.8302069449336724
1.7674472321036936
1.78074820189109
1.7431599297679168
1.7346525666319033
1.7993321158814344
1.7598873847095802
1.7825097055390913
1.759353954683254
1.7551739049162927
1.7925434882530515
1.7766377540667726
1.796176120609055
1.748352265329562
1.7719426936949458
1.77195662835495
1.7870463610672949
1.7409398273277297
1.7498281464057637
1.5353016172380072
1.539425176050788
1.5311361465300748
1.538864163293696
1.5341408136131374
1.5058364008306333
1.4914808323340198
1.4988295358843031
1.4972907818407457
1.5027862879882166
1.5408196165051424
1.5426831447611709
1.5141384783221632
1.5468616883235409
1.5141573751396722
1.486947382378913
1.5093495697496178
1.4908900585798275
1.508351297175865
1.5074015144248507
1.5239985815111847
1.5248912149710814
1.530463932191119
1.4969870053020407
1.4667044864814227
1.5315956446597672
1.5046194395779522
1.5001097734128184
1.5795774019049895
1.546187677174673
1.4490779016247946
1.4880571245674485
1.4857022610021609
1.4788243815690145
1.4783126918275624
1.4956534549839313
1.4529192499798271
1.4428744585000128
1.4361478732543338
1.464127220120032
1.4805767955543343
1.4166995513684848
1.4451587301174014
1.4651788108555204
1.5093244463695108
1.4616837305605719
1.4603131297476324
1.456124973781338
1.4776700194566281
1.4561114096524077
1.7159908974571414
1.7092087155813804
1.6875334467496659
1.6577739965550737
1.7046351735628122
1.6778047197361936
1.6768272202697339
1.6711510023122256
1.666740132776285
1.6766503934105337
1.7967823857355434
1.7765896505565062
1.8090340437680725
1.7449921634222054
1.7431782248095093
1.7570195811226197
1.7379046802785194
1.7139072330962797
1.6981265219391357
1.7069699799948121
1.7480140891738105
1.7570138191541196
1.7344032415203845
1.7685547835811986
1.754174952401611
1.7664321873350457
1.8201573928519372
1.7738807922895818
1.786940690311812
1.7584942376727433
1.5269304384863867
1.521880369313698
1.53330532463622
1.5281235598265814
1.53958253517052
1.5266944314664874
1.5162642968550637
1.548883515833638
1.5292344726384095
1.5080745364844028
1.4384334742883316
1.4430639880882516
1.46988995013886
1.4634018240536812
1.4999211733687816
1.4509520509874219
1.500320182539373
1.4798189979842034
1.494637179277018
1.4439611991875285
1.6639846260590352
1.6563969334387652
1.707388743703263
1.6929021666619348
1.7080747612006584
1.6972208373533793
1.6979375034360862
1.689191452822277
1.700614892235433
1.7017108205394353
1.4724374967731946
1.4705855443711717
1.3776225318706945
1.429475313800944
1.4233736238511203
1.3935483356415443
1.4370897085441203
1.4526811793751107
1.4347250813187047
1.4372405180339272
1.7656410643878004
1.7680717591361181
1.7032275287530934
1.737543078819918
1.7606694317230065
1.7129635178689029
1.7654634576915957
1.7319801991798827
1.7031506355364445
1.70707102026933
1.7328686953922787
1.7395237907401735
1.7315281933357007
1.7241821916078859
1.7745606466636008
1.7329257617476015
1.7087493613284075
1.757470919345948
1.722453185964021
1.7895951390745797
1.757445823066681
1.7239826598160275
1.734186036724786
1.7123720819960893
1.7607931483846122
1.7539969679833778
1.737447369314767
1.713058037070337
1.7566049158598613
1.7447578857066663
1.5399813362524228
1.5009060572081376
1.5525302605121662
1.5178635080252676
1.5167870285875882
1.5160065774985485
1.5538022747497036
1.4937529316143492
1.5238746980594469
1.533659530811376
1.5214346810324455
1.4984532976640244
1.507855995467685
1.5422078045026817
1.5578486460679377
1.489640912819418
1.5063578033877854
1.5044188942017704
1.4858671456621386
1.512009099771954
1.4916761092802646
1.5396582914649046
1.5224178940697264
1.524992068640941
1.5032964629595613
1.5328290447191588
1.5147065190330007
1.5260535193406155
1.5089594809611873
1.5009878803469667
1.4507622384176826
1.4312072174452957
1.421424608129037
1.4142753036366402
1.3938084737200729
1.4367922363995644
1.4630862142287526
1.4257644192084478
1.3722802383723836
1.3956229536409193
1.392648983001369
1.434107778799872
1.4042406701016334
1.4261702810909807
1.4045727477694894
1.391686719146143
1.4203551182745653
1.4024932922737654
1.4295972490855064
1.3890324960508225
1.4135237377405998
1.4315160729715612
1.401101431038804
1.4031932437046644
1.399634861225982
1.4018019069507004
1.4084818432961108
1.4040079305785431
1.398906812814304
1.4163119896952518
1.3856172722973936
1.4047110122708273
1.376602189082484
1.414748862352293
1.391780045056025
1.371140362575306
1.4070787867808454
1.3954868525865185
1.385973971535286
1.3915895233063975
1.3822396040777194
1.4085805557885025
1.401156562018479
1.3923142693492756
1.3940735618117046
1.3668781349029113
1.3858114675708726
1.4067399007756034
1.3866872947474076
1.411942296990631
1.3935820653400286
1.407915334651116
1.392888835044607
1.4085775791185102
1.4131612830012084
1.420492883182263
1.4149416099525614
1.345421907286529
1.4200476548329863
1.4346933013308691
1.680054592369913
1.7085219611340303
1.7496890692443274
1.712280762531494
1.7234267222672783
1.7434960621008577
1.725238649587112
1.7361076621006162
1.7062753016639318
1.710761258453871
1.7188516480904286
1.7000825766792793
1.7531405721201507
1.7094123945036195
1.755003048827172
1.6736750209028532
1.6976472438501298
1.7045611943930408
1.7607676999296238
1.6831681154953815
1.717674419106511
1.696788754963402
1.7000159604618128
1.7625395802108712
1.722228241600501
1.7656692728243768
1.6874617783962171
1.6870205671510061
1.7124113587337995
1.7228299216024665
