0.7444724797175111
0.736015200635347
0.7342820496938313
0.7491140642933716
0.7369514870658982
0.7315652064113917
0.7417447736061669
0.7229905730631312
0.7377314121538349
0.7297833665788285
0.75207329797395
0.7457575852817165
0.7439995281979581
0.7429954423832116
0.7321505047150616
0.7192291536753586
0.733975445431728
0.7461893625973315
0.7433298749637273
0.7427577773061202
0.735558640050212
0.7204212835509014
0.7302675713882941
0.7306448350850469
0.7289966779662409
0.7266266163030435
0.7632846443983347
0.7306967223329842
0.7282714379340003
0.72856867267125
0.7039830808085364
0.7042695222561319
0.684527525024369
0.7048017770168586
0.6995314512096592
0.7148619303707064
0.7238387993493527
0.7048441530974773
0.7387598711002036
0.734584504723065
0.7481278952481656
0.7465037661085846
0.7361580350671373
0.732276746637237
0.7471986592258154
0.7285844245538632
0.7348154519364816
0.729002503834717
0.7246489109968587
0.7384839314714475
0.7210176586700467
0.7354988914915821
0.7334584075550151
0.7316914901270345
0.7366943511907907
0.7335835734849304
0.7332895915444417
0.7286944771482211
0.7318537554635799
0.7294454825718614
