2626479431
2660770513
2659311489
2681927371
2647400041
2633530799
2593139108
2648395789
2654841535
2672526456
2688329231
2681402327
2649118122
2665597032
2652367939
2697671599
2611881616
2643204219
2602754739
2603840924
2672828541
2690560402
2686786592
2684988968
2709825299
2696178528
2651110688
2674285784
2672134249
2658927471
2709551587
2796045395
2713479365
2695097364
2705998498
2690504841
2670454839
2772092319
2639781016
2632510233
2660194282
2602126210
2619499169
2628765629
2693225970
2627071678
2689069240
2681806183
2638535149
2628288803
2669401738
2673092013
2670540824
2664471198
2664979896
2594433454
2658290568
2677233983
2714864173
2660391188
2082933133
2093442423
2070262377
2111636079
2074759822
2108066634
2107701103
2101980268
2103584602
2071500939
2109135378
2111534160
2087980392
2169345153
2079973203
2136865238
2142701110
2099325235
2097552079
2131491089
2085541752
2081300720
2113715185
2120206196
2102077753
2094876885
2167425319
2114580214
2056352985
2127345263
