137274275059
134943585338
137107478452
136865989126
135778684129
135104020723
135720733001
138090919811
134130220717
136676894481
134079854167
135622405407
136415946290
131185642395
134301610599
136965740610
137278248037
136577459159
136634023366
134362494108
136735948203
133493597581
136589616729
140789336024
137703263067
133525885901
133774017002
136733104963
133497942946
136358385836
132972030311
134204087487
136824032812
132818213575
140874508268
134881399939
132897484598
134820562390
135554253356
132925021483
135887082779
134465639409
137586094729
135914266469
134183524851
136230870885
135366173146
133343430401
132900614809
134799811883
135000739192
134997741773
134643566505
134854893404
140774013349
133236909332
132077638324
137079999163
134612909111
135837662182
