2521643530
2524033124
2501281865
2339868261
2404061931
2531528201
2330337806
2460537728
2461223914
2538045145
2500966251
2540203724
2493158430
2402684742
2361365225
2404350363
2443954579
2482959942
2575096807
2477255628
2557808129
2466740040
2389905364
2540786996
2332356862
2496300702
2398089929
2321341186
2336025577
2540254783
2386169744
2443654366
2316045735
2511292730
2396210358
2441383920
2510970268
2542477587
2454291476
2430578611
2441473074
2561551320
2424673703
2404151461
2457192924
2636349768
2475951350
2543059751
2405099214
2539203389
2479486016
2473191698
2347974244
2428410633
2466575030
2470313401
2448310121
2507122946
2511604938
2484777999
2519437986
2511762385
2460584125
2434548326
2469267565
2489962823
2480238396
2466434408
2458879477
2534610898
2411637231
2593359086
2444203570
2553462250
2552552047
2483432764
2582182816
2539769070
2621873851
2630513895
2453255519
2529922230
2621798724
2671255197
2572547382
2431025667
2619082348
2515715154
2426529776
2458474258
2523714597
2496157394
2493255846
2551543980
2547290319
2474858211
2638919786
2508710424
2510704885
2449923188
2436056541
2481875008
2437180133
2428304005
2552523406
2485946208
2471108206
2479977380
2558947264
2511507459
2528938618
2569458668
2477643065
2510752598
2520723706
2540240646
2538952065
2486786219
2511301787
2469147954
2567740298
2508377658
2344391264
2566142800
2555865004
2508772391
2459378395
2403373686
2587824866
2343632697
2426391886
2542715880
2576902971
2348070447
2618129220
2457152571
2569550306
2394940042
2510067761
2485802455
2452033468
2531139597
2544370066
2450772517
2422392721
2579588170
2468406860
2532443169
2503214321
2353470155
2682347154
2469310780
2423131531
2469055917
2511479953
2566031743
2568170754
2391743595
2445343959
2559219549
2608490809
2431003528
2468187115
2513591742
2438737595
2612677056
2483357426
2410197197
2435637215
2526523418
2477069210
2415718795
2502606257
2403092620
2418487494
2282059777
2503385856
2454076788
2413335939
2432369181
2586117763
2479659292
2473808297
2533834385
2418436538
2448045920
2495339387
2561744734
2420949207
2548027390
2526610691
2441466656
2594694630
2433606014
2529860817
2375438166
2452659429
2417855611
2506948230
2480198292
2583341052
2392257932
2649647575
2521946973
2455648056
2573831680
2340108686
2485189105
2487627703
2475362284
2564947514
2457446266
2515652896
2454401790
2434542139
2400197646
2466891937
2409476784
2528929496
2452877031
2421408634
2282849017
2454530759
2458096521
2388937951
2374440266
2480073455
2384883157
2454348391
2360785235
2525823535
2451379009
2479734953
2321273876
2454249579
2237944747
2546735966
2499602400
2425420335
2569697376
2611774249
2621652832
2423078142
2476946262
2455424537
2451577459
2556800974
2362914069
2457078672
2484212398
2582701435
2379717322
2507834134
2523547686
2472364906
2519091451
2442504450
2549302034
2352208147
2477530956
2451936734
2442145366
2497913659
2523534611
2397853086
2597768528
2459517137
2462471109
2356851205
2339738462
2689229258
2491221406
2281481883
2479050087
2465102915
2481216732
2422823786
2292542852
2448298170
2464680395
2440898136
2364969018
2513745093
2501371744
2558555636
2480497254
2423280238
2445016943
2459623980
2452955427
2424353175
2456854194
2212346998
2435391722
2318887625
2596307145
2502244944
2329923164
2459482035
2419971756
2592548867
2444826497
2496947660
2606646961
2565694130
2560682721
2493430475
2543822179
2462136277
2469748062
2691315193
2520040771
2320416226
2473820091
2307310407
2398280495
2531752206
2547205395
2511923323
2493552279
2630030016
2618274734
2487858439
2492678522
2504999991
2486369957
2502380538
2504930827
2384251108
2519656781
2717252030
2510443510
2395663791
2433091262
2407996346
2399993961
2504561401
2373398292
2362872753
2591113553
2487689416
2255555360
2553589382
2469036478
2553577436
2416136988
2475416937
2514301325
2550850460
2554124097
2468415317
2457546633
2400031830
2572362759
2390979598
2353953124
2540558180
2462477558
2486326785
2465317867
2579745877
2534586006
2517551646
2497739578
2501037801
2582458354
2514774148
2455462918
2508052640
2528730116
2727337407
2529362993
2443367001
2452188152
2442769701
2361364676
2500289677
2383659213
2438317052
2433008270
2719519436
2468678532
2513742587
2511058685
2358616859
2347333354
2515313310
2529136368
2535142812
2578564252
2614372670
2568243815
2625006723
2519231633
2481906507
2570530179
2575223416
2407478403
2519714442
2404249483
2265873873
2399760697
2493647469
2409162694
2458355736
2463427892
2530422812
2452393603
2393573817
2408645299
2341977492
2493817691
2393944569
2413003683
2428622829
2486411833
2448734792
2346894653
2370281952
2442321987
2493211328
2422572043
2503299193
2480204948
2574810744
2519746417
2506448600
2465965980
2655292796
2507863343
2507780050
2521396372
2498486763
2513809849
2528736683
2405383369
2537350317
2609174549
2504937374
2610417013
2400412528
2427926109
2461177889
2522222343
2426520715
2506112707
2627878178
2464169296
2271904347
2442339971
2502077361
2492173575
2374893980
2425866763
2402399690
2389146535
2421193118
2429463441
2405928279
2432920833
2470722132
2476428568
2512334451
2507651183
2499215291
2424709780
2483743326
2496143543
2604273482
2475724411
2486961447
2439959794
2453928742
2446709973
2480175923
2404690255
2503547477
2372278952
2483404937
2551338189
