1025838734
1042911109
1008304853
1044176716
1032746033
995661855
1011783446
1042163308
1049287333
1065181874
1060670623
1056571408
1059795259
1020330935
1023550555
1039217497
1050715841
1049006912
1037337540
1011863904
1046295294
1033882088
1034935692
1003165139
1030445054
1010634130
1024761682
1003594969
1063257116
994601313
1070888957
1023796041
994375567
1019108443
984525985
1033856368
1046501878
1033323350
1052870128
1040056649
1034275931
1023989568
1042755404
1038395924
1052332895
1030574373
976572906
1033899257
1056744116
1034729042
981091091
1026151533
1030480174
1049648618
1052843654
1027537561
1037429236
1003395578
1015169816
1025701496
