16280183525
16670556688
16414405180
16287706884
16702298343
16230064998
16068278742
15630413296
15559223981
15725127049
15477895227
15528295699
15361771575
15731041786
15918653827
15799917679
15479851235
15911936175
15519035451
15646562443
16298251958
16705335310
16053026979
16324557137
15749601418
15936545682
16384718696
16433101567
15145613826
15680089446
9229897939
9148254093
9143526253
9239440526
9074537328
9296996011
9188483849
9405815054
9097668557
9430533532
9064850151
9165973674
8940614256
9400041268
9228222062
9279557566
8830925902
9310770768
8969812108
8828375421
9172963051
9025222940
9018772803
9104694822
9448022940
9497654389
9607025027
9337800584
9497221290
9401370499
7783600746
7710307338
7577445172
7650165447
7632981624
7686169097
7769823411
7740844716
7713446656
7764156650
7763227646
7704647952
8076680498
7853533743
7717459667
7602055925
7917301482
7924173054
7909655338
7924950564
7694794241
8027678029
7751945117
7696705567
7743308202
7750425553
7739466704
7764256402
7645995167
8019518493
20658895339
21155184475
21131820622
20240366388
20588666681
21412076384
21070899933
21546916039
21607978093
20834879730
20753066807
21144110629
21171579988
21628898326
21140211976
21036674061
20597634311
21317381665
21188605222
20960389659
21484945598
21340962326
21135866408
21009564209
20778703054
20422938118
20302311326
20495244370
20133106543
20421064889
8791498626
8742283035
8467490818
8776416643
8851092169
8589225881
8845771506
8850687365
8691480396
8962774852
8564939753
8834179864
8751730131
8782854806
8971589169
8625672463
8816258691
8732846881
9039415549
8959368274
8767775812
8693104864
8889827141
8710151331
8485145412
8717404776
8941854525
8797768578
8513728605
8989375071
