1008521268
1014367834
1040648553
1002248741
1033356888
1030134086
1026872319
1031296172
1057094538
1060852758
1049630360
1002206204
1039364456
1017793127
1010041562
1025080848
1018971004
1008190101
1044784646
1008048059
1022748064
1048394756
1059507780
1025228537
1033789327
1023738982
990055351
1054416235
1042856118
1030996166
1020666579
1076970939
1034553525
1040807501
1085328470
1062018108
1047843793
1016263374
1054216166
1053259313
1058721361
1058214899
1024220518
1062489274
1050961746
1039938063
1023503911
1062817573
1107016694
1048858396
1068994330
995416882
1056984417
1035985491
1028134220
1025746106
1038159798
1028541522
981608262
1038066471
1016211039
1046255837
1032056152
1022909269
1003983830
1006265881
1042427021
1055266291
1030978519
1011034819
1056736594
1028523854
1057452660
1028142917
994381248
1019861546
1047709735
1064715673
1048265335
1036146965
1029600193
1029300816
999523872
1041993361
1002637845
1052588144
1043188156
1044368564
1007791108
1041341141
1007967291
1015714928
1020051582
1073677912
1016386657
1037727303
1020491465
1041482992
1045973567
1114583007
1032895108
1010645883
1043308079
1033982335
1041014845
1091114701
990503363
986380389
1023907667
1027590937
1053635545
1021155133
1010175301
997671129
961443177
1037686851
1030563587
1014009678
1052945577
1030356477
1092701883
1060823181
1074324420
1025561982
1032615621
1054781615
1024483349
1057077919
1034049935
1043140290
1046180406
1026743681
1044468893
1006730132
1028348370
1017633128
1030706048
996884284
1041705051
1044118062
982437551
1025727043
1035377636
1036335064
1047724967
1032856003
1039456919
1048280609
1055698585
1052472179
1034715377
1015425133
1029446636
1037274433
1036882196
1042767928
1007908410
1036897311
1032325181
1000026876
1028351518
1005364645
1042959569
1069210980
1050947843
982864663
1063400238
1051347630
1041955339
1004101932
1028015892
1043653834
1004226971
1025787833
988131157
1032816062
1006114630
1034072285
1033487676
1065101605
1025628299
1063275925
1038915496
994788090
1059314168
1002864434
1038845924
1070622468
1020826222
1076082653
1038428679
1041167370
1041058071
1010421581
1004894227
1045486148
1019790490
1041360275
986576122
1033174423
1016847843
991713770
1061142316
1045676813
1058779438
1057227422
1076035615
1056966638
1033361817
1056482545
1021530170
1021828353
1047658348
1020931508
1041545633
1037757669
1028337649
984096187
1020094761
972710709
1013087134
1026671431
1017516230
1040262720
981333258
1055757760
1031896816
977465619
1048150179
1005271714
1057783971
1027276474
1041509989
1034851633
974624164
1002017921
994404426
1007782595
1028110853
1020177755
1012152996
1049772687
1056307919
1037562332
1025249366
1031872390
1050086256
1029859984
1035939813
1056063663
1060550747
1006808265
1037516089
1074137319
1000026284
1035110052
1010901155
1024049206
1015537997
1070498487
1025867380
1047365127
992972849
1042544394
1035306659
1033088483
1056195923
1044523712
1026460019
1037986294
