0.7121173437843374
0.7259470852402041
0.7171427963351275
0.7170837840465463
0.7432644786495081
0.7258733544134729
0.7256481251263699
0.7206934314078153
0.7243960910145621
0.7212342062087059
0.7208501906270476
0.7486816081232699
0.7365429132070621
0.7379651725648131
0.7352306575193135
0.73752398670609
0.728170891309217
0.7415113170770264
0.7305624921225348
0.7378922831814528
0.74093764987411
0.7371693467597207
0.7107490275561701
0.7103956829087862
0.7161361238616379
0.724519545771884
0.7153892380723612
0.7366017668934863
0.7146773333093078
0.7122640641705957
0.7433377635298511
0.6988669182182811
0.6904053195805612
0.692212957172744
0.7051421998129602
0.7109885400336537
0.6993944017256146
0.6879110602028141
0.6877773405624368
0.7233021385500533
0.7345544780283051
0.7361906517878956
0.7251438798892305
0.7302434676783685
0.7539924280493489
0.731937761323432
0.7207635523213128
0.7165808487608301
0.7259758684080674
0.7161457784295828
0.7190582277488269
0.7254118079016803
0.7137949097893788
0.7225261578092118
0.7259227438571515
0.716689687681961
0.7172850838039101
0.7179839459192977
0.7182814544581076
0.7181645179357243
