807999978
877255230
876600473
835575228
857939340
792123189
859369524
832922675
803649666
838993341
816643000
864219304
901881507
829669974
799134260
845569983
796141568
809523399
779781675
831478843
803474784
829783593
820840677
797428001
859679708
858251542
824708317
776495196
792838327
814356754
878566639
830812919
803339102
759967923
884749047
795033746
797735157
857080891
818248709
869085271
855420713
816297016
829329925
825455417
767739654
838431961
812260750
824137391
880919830
869991810
821474312
831162718
839850366
896837147
856626196
830632063
885124757
810227315
835262485
837292047
840054100
792274183
831550349
853047253
811005028
800178828
839507308
814874891
764975232
885709819
821126697
859505680
829369388
880793976
819031483
846883623
821588783
806773905
805929787
794586838
794549028
797155474
865595721
834034797
875359698
843136510
840766643
854474880
806804048
807916076
