2.0815773204489414
2.098691555796873
2.033039961930212
1.9763712749645013
2.0418569788162295
2.0743114025687714
2.1145331769872677
2.105384629689797
2.054050426853137
2.124440108887483
2.019610766851674
1.9952614237240276
2.0801733090470265
2.0885311155708632
2.0351902924477905
2.0078003589411657
2.127766820489092
2.0849476607589637
2.021917222689758
2.042983469527976
2.056085862111088
2.057068503824572
2.1163242789678653
2.0426698535497745
2.055916974779092
2.0453376389262057
2.059263737855593
2.0530659756017005
2.091554272893953
2.070818928752765
2.038237052065873
2.052749061930384
2.0322702755715856
2.0736577966600986
2.0557085255920855
1.9663391128816696
2.077472899706885
2.05694369371094
2.084011855781629
2.110846053830677
2.0829653570814184
2.0123342499315826
1.9872579217345883
2.099932303786268
2.099861748836294
2.0951865902914943
2.079609741636203
2.015748013443471
2.079255290929882
2.071570418199949
2.113998612445534
2.03705767326412
2.096079030681609
2.078194410020945
2.068365557528163
2.0000963910933307
2.0113611807013694
2.0347335316978783
2.0558905796222415
2.0938644372635427
