26.202839397089306
26.99151353936446
26.973943330349954
26.339497012893805
26.246532267869494
25.471607861597917
26.723171010512896
26.445493727249332
25.817337124873784
26.65866766200436
25.91392737460233
26.86346753603021
26.69749102772514
26.757550689283953
25.662708827088487
26.146631404023278
25.604566354922966
26.039920394877097
25.392923615232444
26.285093967002364
26.280741702872007
25.9449368884545
26.279827849340737
25.189913113835367
26.389438481452277
27.20259773454257
25.68726384934642
25.3363047287125
25.724179681801534
26.075786907544646
