1.9929435284841566
1.9476974673116834
1.9487339988942107
1.9884994115068415
1.9451906085647694
1.992436451404108
1.952463474256618
1.962477644308788
1.9557469765236684
1.9601183192674856
1.927998672882636
1.996999868364641
1.9232143263278263
1.9749187088456621
1.978977824573314
1.9801831212216428
1.9561374573777581
1.9752853670363293
1.98178168665505
1.9244373935979826
1.9633112940684463
1.9783975520240513
1.9479732951956832
1.954362530033592
1.9764421386880333
1.984596496198736
1.9980871330218535
1.9886207190110792
1.9642192247337233
1.9598324520460313
1.9716564030895605
1.957885263466567
1.9705247416242826
1.9596304386710344
1.9614984218620644
1.9567263291476615
1.9830244970099842
1.9533433534395466
1.9459599592459575
1.9821223125838874
1.9529617523553473
1.9302756293976084
1.9623966970378406
1.9502728097589845
1.9805083607384075
1.964822514920267
1.9528312473738814
1.9874158868260716
1.9658533843328891
1.9655264127861882
1.97371080655924
1.9357829684225905
1.9768264018649735
1.9688411546062348
1.9859226224362894
1.9557207774682086
1.9707071041183941
2.0503236962079026
1.9472433742735848
2.0171049250892814
