14884699597
14514656932
15181138171
15018425174
14726041687
14531134512
14824409500
14255087125
14119264122
14561016610
15095626367
14304356667
14868525598
14796435697
14454373204
15098446849
14409121116
14411178165
14748802857
14603407151
14571971611
14286184714
14636499676
14873654611
14779762209
15139403276
14318271981
14775029770
14696699407
14500512828
14436318329
14807029331
14571379389
14937411852
14083874268
14722457664
14755328080
14846134107
15004775897
14584416539
14441189593
14245164491
14679549256
14544634386
13690185756
13971732414
14780531265
14957277825
14219382560
14410433327
14518904415
14064551385
14358246287
14168590540
14878700455
14347436321
14396271884
14479806380
14267122905
14900434388
