2710308498
2701033154
2726237373
2688703410
2662126001
2691726145
2647510105
2692344393
2725636921
2675972157
2698736010
2658563165
2709462887
2626287741
2646424385
2699804576
2617698377
2724800851
2699158064
2682627874
2646777587
2649924120
2671929439
2639037978
2669501258
2660709918
2655846535
2682856629
2654556483
2680477234
2688137673
2666981687
2658796240
2703189414
2650247253
2669198026
2669391758
2666665124
2686167474
2690082090
2669336830
2665417814
2668853358
2632934237
2680196211
2649963736
2677711990
2671529319
2680395719
2658582403
2592417289
2687036511
2627012271
2632344493
2625456962
2629049290
2580060044
2719086881
2641669705
2668245164
