2732293484
2700732957
2681897352
2726427828
2680801958
2673110178
2714892905
2676338886
2721540938
2643989823
2659780971
2687333409
2793597399
2650800029
2694803000
2681565513
2752569288
2681221726
2706552584
2709850348
2831330175
2774616978
2720789153
2705971733
2752047945
2746610441
2637007071
2707092047
2754820813
2747435284
1966896505
1975826533
1895704074
1882761154
1914721083
1938812342
1901880354
1941256994
1964983403
1936937409
1934466801
1872934699
1925364695
1968491338
1863643262
1965850039
1890788687
1898667986
1919783831
1943568742
1932036450
1930084925
1946341976
1895018466
1853862957
1944666563
1906055812
1892636674
1959121209
1950580030
