99041067699
122899462817
117412107824
119476344271
106923871068
112687967919
123335614912
118454547971
116596123766
130601284223
106285422224
121176962742
119984497151
119790609910
108727025937
121572524613
125075495835
117182020968
108863321391
118861190260
119347713592
107646414282
108306372455
108764620377
109544426058
116452261232
118861701047
101374387661
126118736609
114291324423
102889677324
118742392459
128982312026
119810570992
124709149224
112476340091
112745672043
121501656847
117673632770
115631030250
101841746648
123325975592
116143181253
113124390121
109749488496
114360597802
118798294235
107197148530
127561546291
117436282643
110148380536
107825999375
117377834791
110989976287
122112710603
114515604622
107882772784
109687619720
109931238148
117703568786
