0.716954469233858
0.7218646995879155
0.706687615957718
0.708239320505767
0.7313098928600094
0.7285576052023562
0.7194018132718295
0.7286973165871263
0.7314836791781585
0.723783521825715
0.7089927908567552
0.7315835889663144
0.74694559452471
0.7279820587990603
0.744261648207322
0.7256382107277842
0.7311686566732247
0.7303962582972188
0.7361224402353966
0.7269069832101022
0.7537284716402329
0.7246015193763499
0.7128363152417618
0.7250404654478556
0.7237543956346261
0.7155099830438503
0.7187664607805409
0.7205581137640809
0.7117300673416899
0.7187646029297184
0.7410954699027625
0.6801855126691181
0.7011845687158166
0.6961624662026573
0.6957280073938157
0.699185892587003
0.6994310093508128
0.6973959216814981
0.6940752572575373
0.7068709450120185
0.7369664926633269
0.7363261649887038
0.7247184268710837
0.7308881604464436
0.7206582238677111
0.7201236924048992
0.7220839558655319
0.7182853079926618
0.7124042478193107
0.7262600968804008
0.70524103120635
0.7252000444118979
0.7282479048336367
0.7201479346093419
0.740706300915938
0.7043626711309313
0.7220389406540345
0.7205246314157714
0.7063816224310054
0.717315964467793
