25.39593742700636
26.400981257087714
26.042191494653522
26.07108327792747
25.738256038727947
25.85323509669035
25.645315288067984
26.347211759299142
26.290349987622353
27.053803102751324
25.93115911343639
26.223286830358404
26.49269735130227
26.55109934222383
26.538436290862055
26.14480302077249
26.834466256991522
26.354629502198318
26.383297170552495
25.542751219173216
26.286181059912057
25.164749892345327
27.17775623786114
26.38679324336342
25.46159918113
26.196995627892854
26.151877595987965
25.76420320786525
26.372552899569524
26.069023770426163
