2678534394
2691155625
2673495256
2662197091
2713806325
2697736043
2629417008
2611161607
2698513771
2621160401
2666717169
2712826140
2632579242
2667036261
2620651696
2701447959
2648673924
2685688995
2645417636
2675084818
2624941998
2662522157
2634428813
2650291738
2691431576
2668714820
2660266955
2624388276
2653120443
2652855877
2599579828
2616258887
2651326260
2645995770
2661018373
2672670172
2698679599
2678154301
2650544852
2631342261
2613549007
2621480767
2624796320
2727851199
2706054910
2633035651
2611235164
2725426858
2635383308
2611194528
2691354062
2701388956
2624728538
2635993553
2632857987
2711519296
2619045853
2617347351
2640304673
2681113287
