15.016080543997944
15.5312016687738
15.187432548728971
14.509435925444441
15.078814702192286
15.071117742642533
15.181843900249675
14.862774187266464
15.324362305557196
15.367697720335617
15.418765728734543
14.608894489806708
14.918194955848673
15.238487522850406
15.376572592658505
15.218595506579563
15.08010022923118
14.875354767723275
15.050357623217014
14.606861052889887
15.291398451918772
15.46932919404624
15.439005788604446
14.754201504861214
15.037923899766636
15.319545264295517
15.231316900255877
15.10623453221922
15.806971153877642
15.138494238652267
