0.8407269524689093
0.767974760783837
0.7820187541254444
0.8382663430007841
0.7487558609351374
0.8195144977516913
0.7816340552014546
0.8075242617994565
0.8685045428354836
0.8366938688458083
0.8281833490893532
0.8872867334846947
0.7942420183044036
0.8789108434930683
0.8234498024446277
0.7908871184206625
0.842064048067858
0.8327021646302561
0.8739797380362629
0.846249234395833
0.860960841640429
0.8396961120528599
0.8004361672307617
0.8337151676089964
0.7980158585129298
0.7466064132122469
0.869358264383223
0.8434833426406144
0.8012023482645787
0.8486685509365568
