560038789791
575038105188
593859370506
562842580634
570222661434
573731444712
576110846518
586364728922
582580768042
571899588775
560737152089
568739094933
563549475162
559581987467
590815311660
590626539848
584912280408
564843481087
567348907350
565800954038
576011164744
601791783085
585623782584
583904977329
597447526399
590623498868
558962288696
593392781531
591706730894
593516036586
619081162151
621727529381
639002992692
614968847649
631440832118
602928365936
590706790337
621929878614
582456346775
573325487252
559023863333
564938774924
578757274726
578985631145
559545778217
586020791732
565317331383
580598384865
596472442374
574381134003
585430638256
577310941377
575098631571
579445981563
579224897179
582524116025
583602667667
582902532145
597725842833
579325522963
