0.8583275961246505
0.8517623631245064
0.8438783168881759
0.9134659201042521
0.8217457591099826
0.7919533762407069
0.7527317123169591
0.8199109468190728
0.8787932323593501
0.8321479100259934
0.9196767678455636
0.7808109499017675
0.866904630850136
0.7562555463927717
0.8123746403992842
0.8439768097613498
0.7969635288250535
0.8606718767655942
0.8167707979978054
0.8109536667801823
0.83537477675231
0.8354491924105575
0.7666845183579448
0.8061423026012654
0.8561510616563377
0.8557496432160273
0.8472490290185195
0.8236934281171815
0.7761894395778224
0.8025742726337087
0.8322190134557821
0.8803653169226212
0.7799379210720312
0.8690012075107317
0.6966063316959539
0.7897755866209004
0.7907736655596151
0.7228815832721761
0.7962628809335421
0.8939573525097327
0.8556633313210787
0.7781848730061242
0.8174234736763261
0.8214072975550621
0.8347855664484214
0.8643314879918741
0.9064404930946639
0.8592499563753662
0.7546614006365939
0.8284678587463469
0.7983937262156307
0.8094683162714965
0.7975301669280594
0.8295970292268344
0.8988092899724975
0.7381228605178807
0.8745855778046844
0.8586429233391694
0.7928527356108563
0.8803517206612431
