299024553622
361914132237
333023900289
311462831093
343659101161
312378042467
324063962104
309224784253
308994118992
319204166871
327552625649
302295155818
344409905769
299321650291
318329688458
323946517586
305337404828
299354435001
303409861146
325145051425
302479727950
299751784884
327492908054
312096732611
320602412250
342758835415
299358175918
311285739863
319657935993
323459030221
333287319421
322024019397
287410885034
270536463773
342325679699
306042459792
296213516157
353901156460
303802383018
318708048700
334723003566
322806525148
332866586492
328030742128
270156565726
312607596556
326236566181
318761940267
331710794458
336688927193
313832536106
316541406835
294957403412
341343704128
337651808527
321340014764
353721121701
329818750245
319133677650
310712305853
