15.12653490013973
15.389954371924766
14.862859097249753
15.080281666363064
15.249644129963524
15.14474090269463
15.211196411652713
15.794508254943745
15.22406398339567
14.996713563225345
15.150944241486236
15.365813562039099
15.281695039286722
14.705037166853671
15.471474994191492
14.921660841133654
15.798738282851133
15.02898388319442
15.551798554326519
15.265083589713809
15.361057862352578
15.00613992588373
15.473613999276193
15.187539276129892
15.534499775547669
15.563441779613527
15.371228611849613
15.202388548254165
15.265242734822367
14.904968023581509
