19433275932
19743805579
19649538910
19318984928
19956451661
19424409638
19353122454
18796825844
18885701346
18961370095
18472735637
18632619736
18299758635
18875813781
19106500541
19017707864
18589777295
19095213676
18733859693
18815974952
19612543798
19665011709
19359959743
19539537558
18996988953
19137489329
19673090107
19582200153
18403434463
18949347706
11794792413
11753657475
11654168920
11621923043
11645023460
11696499434
11692176984
11710500856
11577450415
11975609484
11673442910
11593725249
11559688248
11791975281
11749195879
11659084173
11426526765
11780097711
11512804403
11464331095
11488833812
11493726320
11649961809
11523736230
11999784074
12168956621
12244125411
11986544433
12002044193
11917139765
10340642789
10308767423
10262260392
10156073244
10189613358
10192384334
10277023164
10130945304
10123271095
10227144497
10328248973
10207180980
10397737669
10290108721
10168784940
10125596778
10239443238
10334796135
10221901905
10396814542
10231530407
10622365994
10292145747
10258550274
10275003541
10457821008
10231152317
10366814458
10266625311
10542918625
25060097106
25729995442
25593407127
24712887617
25022956539
25813203068
25501198199
26101125931
26234997158
25268568524
25219076763
25573987151
25572858247
26095597546
25550779263
25555520379
25219902208
25685723931
25402277853
25638371181
26010738124
25666293456
25970912998
25635488282
25426545895
24736515708
24597520598
24673613002
24543610234
24989770366
11291023906
11295161541
11004480780
11334348912
11455436322
11232938233
11215661124
11334291563
11135933600
11404985951
11162693211
11314382936
11275364279
11326848208
11719705053
11130306997
11449095128
11279597605
11734917187
11391548163
11261901368
11303489906
11452267238
11278053429
10998684074
11301034806
11593846952
11221329854
11043775786
11396084354
