393760791016
399873003582
420144681100
386505673272
393858431161
394906087207
400836478661
406144272657
404530242957
396101974468
386725412572
390075245035
386251032022
386809791002
406639735473
408482870713
404500822386
390301545059
388966855308
387546358534
398201611307
417801517462
410512744383
402592907104
408094091029
413015505521
386279158694
410620211525
411897060302
412277710466
427188086646
439002722858
444376092051
425455673522
441159043497
424016424491
415350155385
428764154441
412248896214
400846800372
383933563300
387632372569
403946620060
401522479272
396268986985
409212968018
395227173402
400800045838
417047960822
403668614799
405892925353
403823609808
399516543673
408012787421
400023561058
405982501332
401803856854
404937403577
409103515218
398030613852
