251398001680
277940919129
260430935598
261088808401
257316766158
255998334581
253299428844
249706515634
268362796054
267076169331
271273630513
268222481354
273544818682
263077044133
262128519073
256205127816
257113651136
249273086017
265174070962
275153750836
260423201155
251700408348
262137168118
260199779739
255845809253
255905944706
260249504245
262564336376
256110688959
274509506465
260280046456
270026328729
256082964759
252804442622
272354444952
253646170026
251002949414
262088568472
263343035234
269340101237
268895809924
264604338632
271115876307
264594490482
254427788386
266544507055
267353247049
261974565553
275320730570
261908019155
250603983336
252903428226
261054594041
259797916543
263155940380
274589646474
267130656007
264795818411
259080295967
264700189674
