288330396113
337441995149
288193290340
315770996801
294969649501
335578640712
289950056649
307447388318
306458493014
342055312358
279815144770
302506324416
307232797848
316050463872
317449603891
285748998873
323777175237
333543614132
312194466153
303175718592
309228313314
303329193740
296459895670
323454883734
332992566808
321147179919
334535780346
332923752703
306346744239
338329156167
300250698996
301165091973
282184471927
320834748413
309327122657
306811902389
326065836361
342430363910
310164578083
317903806177
311849097160
350663405443
306468585858
332642152453
327044797364
316924304009
303476444809
327384495202
314671042015
333158777204
300665938119
325638416000
295346345116
308088160233
324077859574
308515658260
325199574840
312650242905
324497734953
316427885478
364308912736
325612745012
309292935139
323439665414
329868665011
308247509486
316733309011
298313196852
307961208575
290076162825
306162564897
335897410936
319143467039
311853761403
291177310529
312190578084
313943261739
326049715457
310423530137
320857465563
309160455596
317639486743
343579654223
358416213880
346841684408
309566643025
301824581391
307378871999
282630257495
298947963849
321851808792
322686531437
291241504834
318824422780
305290146395
286581190317
323270350738
304075254758
298599118919
305116388281
336373996864
328166063288
312803037722
299343315332
363342775854
330608292297
295211260639
341232858796
304581261852
328261443446
295115241635
317356287063
303091200899
300784965586
315395505294
297266475822
317495174089
321976379178
339419964924
313045723175
330800357650
335619585219
300036128048
301859553909
343810821631
308123338419
525645559750
311829747811
334761230030
315500527561
315322677590
349418497381
317473522664
293613205474
336395982571
296591785670
308361363796
316633062115
303070473660
351730411816
293905892100
314601771861
309901069641
312660542109
323153757952
315355134791
319637572699
299691965972
328184392813
296915991768
292030303098
341573848673
339500339792
332858678008
305298945785
307531985164
305657032767
316164571163
316928111430
347889080102
309114849842
326169821195
340069689701
301219613420
303545722035
327237400149
293803426514
322373341425
313904931784
297358148430
324413528310
329406340525
321724744269
327057895844
311459198244
330227065251
283967431321
329569526834
334772542345
311360651227
294551536000
366248999850
325376949605
333094935302
311860290618
301888775460
298347068326
340706440994
305601093047
321311045411
332533254309
327675267741
357647232620
303125931619
315889023716
298098989182
273117827726
313329374146
319388185071
292452086950
363807898654
316714348176
342914758212
301202549760
325088059351
330734296682
278376728317
326179872072
324486541575
303399630242
298882047219
305079082310
308510599235
298080344373
300421182268
284172121322
309160312293
310429467183
323230200629
310261528189
300817998893
295928692439
312743031221
308654566690
356647110952
319464886317
303082646509
356300054079
314095761950
293898665122
332777404221
320553676181
297469406128
293060783575
293417638259
301625855964
314227092300
314589720808
315898262744
310828479255
291948020262
346621156729
317415952916
337054709473
305522314926
326528111963
330503763117
291027123900
301353453601
346899836619
328097239719
310127748739
327753340382
333239360951
318309152587
341885253302
331552647659
330460737724
288878589850
345007889395
327033952989
303813002948
286579836819
335334877917
303556657348
306502378881
295630395617
315108789187
309383393314
304825225109
323515977054
305296773908
308899604743
327216334942
308408811608
297832441701
320083072872
297446740599
288153069879
301009074983
306111028358
322277769224
341450966457
312518048447
320347734861
309935945954
283077527565
299269463151
294344196440
317143595117
298490129639
313820993261
308563264503
287070517494
322353720590
330277155122
283477591244
315967171268
330502201490
317173053682
296616664828
298052786593
298722162384
354826090609
328178157598
337908907236
300944934254
302907662833
317293539136
296065786602
300634322325
340040775879
324741767302
331732490712
302846471297
320435935973
351766620704
304427690775
317026976482
282057899682
292656841522
329042944095
308974037666
314741584492
300562483018
282526904944
296976837931
355145960923
309596121763
302059399337
292060454051
335371026240
300576537137
313865887533
334730340038
325392578595
312358639613
328105226163
309292179573
290817151247
268731791859
301990042963
315586839266
314368640693
332967685604
304617730167
313410713387
322519055129
333017000894
332483696788
274908480382
343128201499
332590746586
301578001287
308101052731
313385550148
342328370861
311512821862
300105288649
293665721459
278645655248
342461942426
320846392550
313987155084
321097464587
347057633046
326925069175
321656124246
319277221810
312801789948
309585657695
345085027513
320990529826
312230358215
312120162575
291468117103
328649022142
289378003668
299557246771
312822291521
