0.7405639745006058
0.7462280265286568
0.7259624502283899
0.743698760162816
0.7219956350884561
0.7231811370873523
0.7005285261154608
0.7315198132922673
0.7389088565658285
0.7325265457161813
0.7524069787464039
0.753551674265197
0.7726910638300666
0.7611018744883126
0.7258212632981382
0.7289821550463038
0.7395405678929181
0.748200345568419
0.7380877527983433
0.7454239576515761
0.7523410342430386
0.7212238811862903
0.7329109683207276
0.7227433138272111
0.7321880620564297
0.7216033590372746
0.7341969879024344
0.7182587270618311
0.7275795548891759
0.7231105605574408
0.7099715691094285
0.7078182142859768
0.6810318304619664
0.694009631113702
0.7145648132968078
0.7155739914020421
0.6947253108020895
0.7171823711334201
0.7218952253815946
0.7556144158908097
0.7576255095459007
0.7588081121929813
0.7326256397472084
0.7527379393174578
0.7400844899435812
0.723792492682675
0.7338087127494295
0.7216019577426994
0.7219503835894374
0.7313420594835086
0.7274108693891144
0.7269071661020583
0.7158734526097021
0.7280970430185374
0.7293958610210383
0.7290291361993606
0.7209834804611681
0.7379712307712969
0.735739299922811
0.7142300361039194
