722310352995
721741362038
722578972023
734362494980
737234245648
722063030949
717905031053
728649954630
738614711638
729932465227
720891778618
725625669500
729577568976
717447723999
729349157629
721882060259
715287638409
723211650279
713573157852
717172067165
720430619962
722140088484
716218983806
730243656610
725999179546
731828483675
723382734948
733480889200
729368776376
727072156830
736688570172
725405863524
710273799987
724498645167
716291849746
722718943010
734061832253
733866042745
722973898466
736377448811
719348809903
718654384843
725802168026
723471881607
726675735146
729038987418
728317315751
731758815841
733815254574
736363315395
730019786037
722663665944
711825050465
720234855197
712987710622
728076880036
724244979324
732085352413
722642785975
716468043802
