1018462920816
997063806486
1031686764659
1022884847980
990300352634
988779038901
1001154911062
1005322128775
979489872921
1000433138774
1008900173430
989089318010
969990908777
969282375824
963236590610
1001995813977
998208029935
992102735966
988792780738
986030642831
963386605651
989324951710
1022722139348
1018285482644
1005523445921
1003111663405
995109207649
1012688161760
1000870431534
1003821230236
961390809062
1055545637777
1036539666636
1022614987552
1063061470267
1024768913759
1020285021431
1031837134701
1046187895261
1004554490165
978386567779
974715434294
1004213945728
995907336610
999341712429
1009309534420
1000165727458
997713616742
1001554476980
993186523644
1021660338983
994516310216
991354946504
998320832001
1001664715018
1014249321735
987586827687
1010880955385
1014747301037
1006211217770
