0.9026375763206108
0.7811762403834909
0.8951776750376096
0.8527893252359243
0.8603251778862749
0.8193260680853819
0.901159861666477
0.8590076938914685
0.8554666350330955
0.7752563350294008
0.9291447646113055
0.8598416541444134
0.8646729085461451
0.8013206987652739
0.8179383164804808
0.9238410543979817
0.80187396716262
0.8193838620722066
0.8069839483718826
0.8271618650221855
0.8475333460971749
0.8428743641179073
0.8775134022194335
0.8336277084495808
0.7925155074922828
0.8158957631173581
0.7888638564611926
0.7649828153481133
0.8354091961667371
0.7945704617881254
0.8502939518232435
0.8464837496367443
0.9252669679625195
0.8433393072987869
0.8421610745911254
0.8460365462089922
0.8175755532323087
0.7530862683712761
0.8683938268280375
0.8458720581070384
0.8531192677704015
0.7650760917355243
0.8630760082390853
0.8080897973475573
0.7905965337379236
0.8164836773378278
0.8577574959691903
0.7881072617101257
0.8606290150241742
0.8245304483687542
0.8805236079526164
0.8127428424384671
0.9011645886779636
0.843945951536601
0.8029440061658459
0.8414011103424635
0.7925559608520674
0.8660450808198293
0.8329893587459108
0.8708475315939203
0.7225567748537489
0.8026471289180288
0.8526974258480073
0.8135292550503936
0.7896716174005604
0.8313905081969185
0.8193980261608248
0.8652297030092637
0.8176819596019798
0.9102681750768226
0.8206472224666874
0.7895549708316493
0.7880875212785245
0.812665261694554
0.830529550683911
0.8204563885655821
0.8673474227084309
0.7957526772699097
0.8691938783052962
0.8374808593981078
0.8307568303710412
0.8006844256166926
0.7515421627160905
0.7383271818071245
0.7351161279365505
0.8611859236024676
0.8514344691265856
0.8370994364890412
0.8900774758075942
0.8674874301869826
0.8409446972750012
0.8213369386219462
0.8504525645140281
0.8355548151209924
0.8561402953727324
0.8959898057230178
0.8091064095543543
0.8788847511110042
0.8990720770975377
0.8750765396780441
0.7927492528050969
0.8047456827985081
0.8600585169575503
0.873972812868198
0.7661864167924539
0.8263216585795207
0.9054646255410722
0.7878893122210409
0.8552556535391131
0.797929562535078
0.8238814989593684
0.8352314288274378
0.843244864552065
0.8580643976110118
0.812595089575221
0.8955389260792593
0.7946905255708628
0.8409665672192306
0.7880993734086784
0.8615450440133616
0.809164668014681
0.8094357476389037
0.8689797569954275
0.8713086317131744
0.8199371573142535
0.8858827055476568
0.5079469068453403
0.8450746259453062
0.8388460583468241
0.8291033456589852
0.8117969276026406
0.7882015593945366
0.8366518022075026
0.8786032463033877
0.7839093656100439
0.8560271704304345
0.8371341680949866
0.7946694405956034
0.8847195322524379
0.7498818454145451
0.8954811142420102
0.841666500962975
0.8613314909471529
0.8565014981603958
0.8261462908955403
0.8426412789888835
0.8206234714684424
0.8750394511226274
0.8225663571906051
0.8569131253758937
0.908992202990382
0.7857242557960924
0.765704795306734
0.7929152860682115
0.8525443733804998
0.8096559478397554
0.8399129633300462
0.8655212554221328
0.8694296955694953
0.7668102040851221
0.8499277504664968
0.8224470668750891
0.7983685446495163
0.8772368179277905
0.8817990615566542
0.806585328027355
0.8876356713544765
0.7854168384264685
0.8630735652711053
0.9012259198139506
0.8152784939081322
0.8117509341952276
0.8167122651632428
0.8276327457420893
0.8691952587058173
0.7889857300399183
0.9584683283743609
0.8197750905109703
0.7947577853556717
0.8644201029589209
