18275717272
17783976491
18488211706
18150007498
18013713480
17795276276
18034022561
17567824966
17364900833
17938087972
18500040246
17619867835
18131920639
18126873277
17748548408
18317889742
17670193786
17709711447
17901142841
17811787264
17891277961
17591151662
17938148374
18305244423
18160653594
18389710244
17661148830
17891996951
17890496967
17838191805
17497256230
18002288465
17799624582
18360044205
17211479500
17884454271
18012350211
18177660160
18201386689
17895873303
17814133781
17443504570
17804104764
17758358416
16830664510
17139909892
17928715615
18242440493
17503280575
17835541424
17846178585
17466551936
17682344950
17302396860
18126118013
17604886029
17716077136
17628761554
17514737424
18188892175
