1030704261
993350082
1048844354
1032167954
1055656942
1022261661
1045086180
1037750736
1023160708
983171486
1002168356
1034370874
1010550932
1036565964
1060403294
1017871173
1000588787
1028312418
1022029492
1044141753
1067016404
999944082
1029124179
1025928925
1056553642
1033195810
1043151751
1018519062
1027017094
996397478
1037363357
1006539290
995995977
1011497206
1051215054
1042568829
1034760305
992256104
1013450141
1030730207
1031431811
989719511
1008877269
987402727
1005952517
1017106775
1002369388
1032861537
1028725704
1027711920
955791740
1001424428
1025649869
1023134601
977009620
1046682829
1023091338
1032995965
1020729114
1050983605
