2680538274
2683748841
2640020747
2689448688
2717455150
2663740407
2627580003
2656246883
2675570803
2665647177
2669557196
2598610867
2749294922
2638667681
2718675265
2616812228
2625481668
2696173951
2614713467
2612111692
2689896387
2700996832
2638888569
2676359997
2685719594
2655918207
2650364981
2703948738
2668841767
2665060275
2729464334
2690132278
2635669005
2690178476
2686469084
2693964027
2695877027
2668245172
2664962571
2676061935
2587977105
2634489388
2709940896
2670796649
2727443914
2729492919
2663447210
2714206208
2725377931
2710625540
2675837852
2659010634
2801270709
2614756844
2639789811
2700559527
2665747387
2736218825
2656577201
2635522270
