0.7249247100773214
0.7321216334126532
0.7213399134146924
0.7445720092414683
0.7523101212412785
0.7533457195936575
0.7456800520328544
0.7552860139658402
0.749854284954823
0.7421602549335299
0.7492520855483806
0.7364760655918301
0.7675071010139171
0.754388571882511
0.7631836161516135
0.758875979564554
0.7577644749691413
0.7579244966198482
0.7648776225094776
0.7580801260625584
0.7609085165026781
0.7669737125279406
0.7584215722256291
0.7576697932774215
0.7591436303068183
0.7693076587912918
0.7592154634017473
0.7560460476008211
0.7478150597462107
0.7581013449038546
