15.292401941900241
15.007265803668194
14.88850361527389
14.825448441904804
14.921297155342028
15.452904803489606
15.517423233062338
15.466603984778612
15.372992502684681
15.565767522138543
15.383616427163401
15.390807613914372
15.558583928831146
15.4071159036722
15.022686869532691
15.222870430564523
15.656894656736123
15.02423395034231
15.236107581538723
15.30234238377296
15.028988648074195
14.847948667448211
15.136006132758206
15.041487590358457
15.248521021761949
15.3385057231715
14.908932450608633
15.129984827297868
15.831202403320669
15.227810670687791
18.63620375867992
18.35619665273596
19.141234036618034
18.82116773538164
18.483668138526877
18.56067946867393
18.99966673477443
18.46190337702154
18.73569314699587
18.785362690772924
18.95862240525576
19.034463553380693
19.214289964820512
18.584544495535564
18.79720738120822
18.714585859607553
18.692997442954837
18.721712935713697
19.155148639764484
18.566152192937864
18.947064894666266
19.10137935144431
19.442553195755288
18.738407118157372
18.783677565363497
18.695274334974556
18.60467960376725
18.76230266004304
18.66271774191925
18.53673075554468
21.00567300623346
20.93912897078268
20.531882007618425
20.679266302463464
20.430237358962998
20.76562741987355
21.470086850920325
21.278788378699947
21.110506919601562
20.53858138619394
20.03786277238497
20.601411154757443
19.806209798309542
20.101168452950887
20.597146860301287
21.281775437493135
20.217261289338865
20.899797787835126
20.380972546615336
20.55589356111456
21.31990698583671
20.539581014553395
20.129759730655707
20.323429405849787
21.051615061433683
20.201117989913104
20.945673806842223
20.596942094900182
20.200815839435673
20.58451059134491
15.400612881408044
15.064362116726098
14.870017646009684
15.445548772593684
15.11442575982328
14.611058992037835
14.971806599855054
14.648678869668643
14.778250928141382
15.126777210864056
15.12593195162717
15.012893814056175
14.996939497171413
14.744691395617371
14.938605749403832
15.07991725798228
15.237018257672064
14.910545835843585
14.95898876466793
14.942419839989912
14.857324427230466
14.69411743252064
15.137928405916105
15.06710645223824
15.242541161527281
14.94273901236859
15.137179729825059
14.979371751110843
15.158998055004721
15.135942033890077
20.37339502733314
19.784036048431403
20.287725051576672
20.104983265403114
20.48815001042437
20.092542673914657
20.00191039295527
19.57198014246989
20.345226367010667
19.565420690451145
19.944759252239205
19.522051688493423
20.205958580364904
19.750037803278737
20.289080896206748
19.823406349840145
20.30315804010673
20.433017893992506
19.63199076983823
19.809584217266853
19.975820356518685
19.380210069787275
19.727221719937305
19.794999066589366
20.18940797880763
20.32493649856298
20.15508408619193
20.441081938094502
20.498137085232564
20.187681667980044
18.566045448656617
18.97075519042972
19.55147800856475
18.90111239290396
19.146992120670305
19.104571581376135
18.859122535347776
18.880372746181138
18.381491205488288
18.014735102252136
18.984813463497236
18.71235096641827
18.08569763650876
18.65006106534973
18.958047175108884
18.594815822604705
18.27685228483822
18.591635196359306
18.86492304413808
18.17978785775965
18.910296678498632
18.673511314755068
18.26914829739449
18.81051344695866
18.93546736695634
18.578971876740933
18.578619109534646
18.649241942811724
18.92920372082278
19.080158048394384
