48089021757
49955490025
48503212820
51618144803
48334129027
52476773645
50115565879
50045649673
50027130568
50165685155
48403829976
49949850735
49944055068
47655905646
50145773314
51036164959
49244448685
53659088496
46783906621
45835664203
50155996458
49017392098
49221253883
51113619672
50344879018
50624516929
49906459900
47568077498
48877958217
51947881691
47701823980
48357557096
49302437905
52080820743
49135847414
50243655694
51755039873
49173874384
52112189841
51383307635
50325150474
52174530953
51275229367
51068486039
50180123582
49278744415
49425632888
49155491880
51460678132
52631732715
50220797377
50507879141
51084377714
49441621437
49658356003
49761600604
49389339988
52438843353
52040736182
52190406435
50595761548
50071661220
49867281004
51294475886
49821236437
48628101636
48444225929
49417894739
46765355162
49984543761
46867910184
50938644211
47020020351
49144809634
44502385424
48723696533
51568262305
49597680732
52021018818
52820387830
48577550356
47671742611
48212196954
50094255393
48720012689
51245817404
48930550771
49091120701
46833035561
49509343137
52154535742
52334870907
46970045781
51181859776
49267540170
47885229067
51153494443
50059724635
52058814036
51520822596
51534623176
49514880796
50747164477
49860444682
55292867445
52684282358
51043540764
51239107616
48939209275
50586371209
45224084826
51862217322
47453803850
50348241624
48228217489
51246193090
46399167724
52182503480
51924495673
51083407206
51375977265
52340415501
48989137197
48506434482
55093544927
52509465538
51509920109
50473249464
55014384371
50295689446
48197830255
52935631495
50844831785
48941648506
50324571595
47910543611
47768595987
47949153284
51435937576
50987929499
50393839376
50504119146
51958166498
51837622908
50124213601
49989100840
49089946551
49185058964
52146731411
48580381651
49093915778
52756001292
49366740546
49464558745
49783762863
47437341257
49411865265
53535983810
53231881134
50803512715
49797729433
51213167335
52096396421
49788337107
50190071883
50478441316
49058548321
47643761668
51958252557
50694428840
49842811463
50537765250
51787727262
52286700896
52467373533
50684436332
51613950046
51405808350
51630667483
52146973992
