2479274738
2577164731
2471179206
2467682144
2489251515
2424204349
2570879302
2213213903
2367539989
2506737377
2598549101
2573539012
2581060891
2435777364
2477136225
2531765932
2378664102
2185685455
2546688089
2398955058
2438388014
2415549392
2420358294
2547061362
2541911028
2394918345
2515647147
2315186671
2459079225
2349834899
2554131522
2504934735
2203724770
2365022171
2561732657
2343533238
2521368655
2615013616
2405473073
2557040327
2556985417
2454469833
2456024843
2389153226
2292885416
2582003182
2411669020
2420608863
2525920666
2624228652
2409310357
2417202172
2466776222
2434571597
2561134787
2393057305
2430452167
2455963139
2465150358
2471462079
