616664515410
598442550795
607908993404
619314894557
577110289912
603576036099
593241713201
599569628402
612637344248
594925288393
602096368470
571004793315
584471853337
580703650255
571895536158
590980763798
589263792344
578386060682
587212791784
575905004252
574722935583
574714178156
610737062978
612566739609
600913420494
607279582790
608913992831
578269271948
604417512639
612818691575
557377792701
629395210892
635590377469
641723735524
626085002176
616092055293
636598083886
648508650440
646776873003
601659431214
571360338318
581238101410
587002967877
592785601879
578837580092
587204444209
608150006415
608687916919
588004374321
603629069150
607064464841
599639585864
603869115052
603039939424
601009894626
619013060928
593022397191
601769284436
601314257364
607487463268
