590997606494
578497352106
581202932180
555761534919
561194660481
572730964873
583427539057
580098967626
568018893566
574444494707
563695622198
559624061664
546932059536
559299205959
568109597346
571073526028
575242481281
565864131531
552497805331
558730594173
552560097299
589386157059
596016337517
591667269836
590516984865
569216377523
585462268572
596876719687
591955510813
580501540340
549072316624
629756300876
604780165221
618001354762
638155808701
609683839453
618852905180
614633529065
611033702179
590123985582
568417627842
546907612928
580303992628
572310427164
577421879043
573404878413
558116693966
591277006596
590520943162
567706388602
588352750267
572558652827
583022520799
588253970524
582762372744
588071765994
561967403044
585424490162
589159840828
583842541355
