730191542828
719745165139
729080260132
724447269689
724216444784
720382488656
720232658384
732575537544
716480855962
724097020533
715302949656
723601513078
724530436040
705620179510
716900052541
727086449611
729858424328
724628126196
727872554644
716752559933
726131913876
716866363166
729033481329
738298180295
727752013899
717736409274
715251123272
729700671669
712349579636
721511167963
712482373402
717966850777
726805619107
711906171710
739601638446
716503967662
713618982365
719599009580
726133132543
710090381779
721038117325
717708477689
727772350990
727896881230
720183823516
726827708706
722203625004
716643032490
713511663823
721311740882
720516791007
721223272337
721952162738
718938685243
741939365819
714399361450
713076146867
728364627784
716798844864
721771370133
