3204841102
3217712698
3124061869
3189158860
3050581430
3185162138
3096656929
3232260244
3032507538
3128130679
3040737242
3211197864
3048065682
3187518471
3176000766
3006313279
3172154374
3226015955
3211715055
3029868743
3173766709
3274506074
3191134932
3254654458
3137020614
3117518287
3115691362
3117261812
3257447599
3237267516
3151714268
3103740386
3149946786
3067707851
3242225234
3112579320
3054808588
3144257728
3225366981
3038289264
3181595505
3080384973
3213531077
3247340805
3173369723
3069765935
3087941964
3035463123
3078984355
3091077696
3128381815
3212309128
3182741960
3133864921
3137558996
3159969354
3087503543
3274359879
3136265464
3245943777
