1.9580975543923784
1.9689447373878135
1.964002557172539
1.9221821409695634
1.966532913897339
1.9350602594598678
1.9428077188653925
1.9505814024265384
1.9310852558422285
1.9392026212514912
1.9652028383476214
1.962882477353871
1.9109102165620437
1.9693860828330096
1.9591581034591945
1.9536209736411747
1.935824074283902
1.963853997278589
1.9610192681266922
1.9679137604472425
1.9408620340250142
1.9675342771187012
1.9704823763284314
1.9584560250861396
1.9780269617785877
1.932303664038611
1.9467182473805835
1.9382353956032181
1.9650494507555079
1.9569691624092556
