726604222660
732972921157
732281810418
708833294268
714462501027
727094476706
718384547686
712437603549
726138028826
720739612521
710824056918
706574280978
720388523600
710607338489
725660250133
715837816125
709724064749
716726647036
711989974076
711995349279
717267148856
716002073894
723236916499
719159673624
720085932686
717606318418
729153423501
714321683996
716857428975
721622387665
567194578829
595761609311
588187350664
572625156064
591558239509
583822271006
570825292880
572786106142
564972082724
569108437752
572818776577
566665447171
585040936538
589968645621
574864625870
570361462249
582353257286
565798215031
579885692833
578789779518
588178439037
575840597898
573720739866
570792376033
580995141621
585121678879
575054439003
570256129021
583410370455
580737989465
711528419538
706500883309
717466209904
719441053384
729949600224
723858150851
737550525792
731530068468
729897466171
736932914772
729906903279
720814508592
718935429078
726240731439
735300433233
716684742954
724054321909
720392791110
724609250528
738135256715
723819275816
738331001141
724164605641
719373448419
743966878517
747411735385
736950135997
727372858497
724813425797
744512760353
722292772032
717098662781
717884174333
723660876481
730965783851
729009465974
726094074870
729850104681
726437865696
735540838256
737125596476
723626194448
743691758240
732797733584
713922752138
730269773834
721834001100
731549758185
732042170158
714749773862
727011040361
712998688728
730560010056
738346493713
715330249453
737231427081
713168473049
731638587245
735900939903
734225296121
