49515540493
47331875866
51589952664
52225407598
51700826892
49281976647
49423967019
49290315953
49811859272
46279086988
49621856471
51841370845
48580131646
49631339283
52103397797
50695835792
47025302649
49320778519
50547543714
51108673593
51895517773
48610149839
48627905904
50224901651
51390871079
50514682287
50656539608
49609660581
49103057344
48116108278
50895128020
49033723053
49009031376
48778405368
51136386356
53020805118
49808606656
48239342041
48629768501
48830193236
49517473130
49182659940
50767303930
47020693249
47905654625
48544925770
48199879426
51239615771
49475680475
49610281696
45212505551
49160337537
48931831958
49231900349
47235829104
52331619299
50865620149
50768120194
49649000006
50193488475
