848338938
851453891
807112325
804209947
828608430
845423822
793583845
810237862
804676739
862243427
831776618
817274550
823128228
863755652
842635286
762903722
804479598
871322287
871569185
871808707
850451104
802458463
781835693
831333877
820182221
848795168
853300804
806662356
807102796
849698683
799623072
821530594
774885177
789063496
830778892
823066632
849349165
878006456
844228186
818242774
827440911
887774337
793729682
799161512
805020104
805107961
787935235
833206927
796883421
867757333
816472066
789652742
790738493
828104239
879377374
849094281
835385570
827580085
815148230
836549500
878273496
862402447
817032193
854043491
818202545
829261867
812963980
793979403
803913046
784822028
801811196
861620475
850388640
799656842
818041801
810236540
865063027
824155599
859692757
839786417
816356063
833851021
858325981
848676867
857393489
820533605
827229394
823129914
815908590
882418294
842843548
871250926
841317138
837969353
814746907
780389410
844048115
832215675
806079336
865761114
847950049
827342549
861734072
828074589
864636141
865320258
788252388
835365008
826808789
854588829
791240551
849460980
831921533
816897378
843920079
759524961
866599317
811698197
855456745
829010526
874450216
826885958
832518474
803119434
851093885
814612828
828334680
842820370
893453469
832507855
831785507
888892458
857500529
814041776
870769003
859570702
852990328
791399302
851989043
869118701
803550747
842018119
831052933
810019422
797606230
849177701
845582098
807715751
868294078
766303082
847833918
848273231
807576025
848048727
837967568
834275737
772587059
867664872
832413799
822742254
854601393
872751646
859665696
819388453
833878017
876203188
808411319
873074429
823195872
793464880
835768945
821045742
827214530
827260410
794827024
841865038
777293493
831430851
828588555
825810229
832363954
888926234
836059724
893153820
823600842
753914976
804476044
839200033
795279946
849797740
821807464
815005795
831364850
828217078
845981418
772532969
794628522
826978051
827653170
804420051
863629763
832247247
884370631
808132765
852997490
846162688
768983935
836649250
880809591
798011515
851902046
798258944
834975861
833324941
793477213
761256888
807272037
836680783
879095059
833027730
788649268
816293647
819077367
822440530
887723825
823588276
786540415
850177950
814391070
817185267
862589452
822406336
847034189
768238099
822880709
795570504
816830256
839775693
850161987
877533111
815607912
876223774
843886193
845578110
819904100
852098141
831695045
776013377
796303017
859032189
831473975
867686043
853061084
841790145
849922187
852651804
881039687
850294340
803635482
868258019
824140010
807207089
769409405
866553059
815615338
819242191
835463681
811491740
819799664
793268495
