2676351366
2642456705
2694602124
2657622680
2715699375
2672731990
2661114818
2696754383
2642116765
2647102296
2647485914
2700992155
2644226365
2571227642
2670718344
2681257040
2660803352
2684141737
2641216116
2628800812
2706147828
2621566837
2723408060
2703844608
2677445027
2660317098
2619920724
2679284567
2680213826
2665889648
2627362391
2723944375
2666817928
2709494441
2738661281
2631672165
2635402328
2664315721
2677597493
2589970538
2620170986
2628057984
2662130932
2682323875
2651603239
2683996060
2686113082
2625135892
2582489241
2587722585
2646833921
2752780637
2616822429
2669637656
2725028792
2654252094
2615994942
2655994239
2628717875
2663500634
