611253314211
593949276632
625809012452
616258888062
587188931862
585843009124
597905852217
594194288447
581360752432
597513663841
606223270429
584546321121
569208667819
573966226347
560985113298
597338758556
595998228149
587369466944
584194555776
583442034511
557331156486
591114531455
616736104744
606365154272
599575943099
605708277853
594716871142
607433686248
602330107312
602529035447
561087808238
650969373177
629168929370
628575194455
652832945342
620358064786
618751680898
631330898155
639581977537
605026664692
577255030485
576071585947
598466372611
591657819461
596640336321
603648016405
592105968094
596956335075
603679191881
591863659609
618518479580
591293493611
591524499667
600367657336
595505482238
615541892720
590203416763
606102323187
609017298830
602658399496
