976250802047
979760402685
1000605089855
946522854499
951191401078
962222982935
954828744460
957871647874
964366879787
945292146856
947825351142
942044427381
960815026793
970195155849
975134311750
983924515108
948751059447
957216739179
951247443315
959558014623
954102161774
993507861316
988336667904
1006857907610
1014227015142
985865904039
981015990801
1001208225468
1001361051654
1000353033340
1025206773404
1028837762217
1048095043071
1024042096764
1039959643282
1023908388342
1012283941794
1033136139195
974996356563
942788124332
953807602184
946049400770
956224392893
938928959913
954526815028
966554344191
976404090597
979436895205
982353905515
970460900269
962721767026
992775073381
974146381611
964210499765
983154474154
971945760039
959578821087
964566102764
990468517958
985977954746
