17068168343
16699087739
16872638614
17376054334
17171765203
16524020054
17125039426
16300254525
16941333633
16317515897
16114861706
16171389514
16456125379
16273524593
16684883316
16687220829
16851688940
16498551849
16726212424
16442858547
16775081410
16917781481
16459024135
16521069253
16474630783
16284869799
17159473737
16782800041
17073098882
16731098196
7998487452
8032970238
8041617948
8129622403
7937433273
7885738579
7934813451
8086000074
7847815959
7630855772
7850146209
7555576756
7666940444
7690854890
7568774938
7617039158
7590902170
7756666814
7717727181
7841817199
8030048189
7710018827
7588582554
7891144169
7778482446
7828256182
7744986862
7748227938
7884538895
7663147504
