729581458658
720841316324
725382367079
716366842567
729841805504
726705808512
712289306536
706573994019
711784559884
714453577482
714525254266
723890875264
709736971497
726245284780
717067739764
733630088952
736949693891
728032354240
723022670024
719507994229
718842853837
725936391210
726896866488
725063551788
729801241058
724826973157
724758769604
726715640931
715929327924
727022775544
585227894851
582768688796
586275431238
583906592654
565422860152
571397865277
582782781160
581221516248
573736295090
589971338975
568769265719
578372582273
577305658249
569588746211
575863314621
595988051447
577710527691
572557642813
574619619063
576078251499
569802964587
573768939721
577968305291
575550420666
576466917482
572628459722
568537198205
575073589932
589207624099
584771423298
565888472178
543790261668
556594775496
562028819573
563790837325
554869717410
558469694449
553679717816
554135935856
553600121446
549719213791
539327352220
558461470664
559509982412
552084967285
552068743494
538835153529
537274778187
547695120596
549259612099
551771997841
551197468561
547469386360
552275968448
543313344590
559854990364
552452007283
563588434810
560066817187
551028506235
909314371778
918549330845
915597281006
923316107508
907460268492
911023199187
921574237259
909016291463
916421232302
914887040878
907749409545
906866044946
896814498267
909960833902
911520647938
920643304206
909785366550
914737445344
925580166935
911686005768
919109848932
908277144795
903936002484
902775018522
914579678137
908298630305
908880394595
913000238886
909454146938
903602150008
591090895787
588891352280
587834028086
586621021623
609221993769
596599062250
591768904887
586703890471
588436280869
588505037755
573312611049
579899786949
591041893319
574999664259
596347370967
580683946743
585569416571
576914600885
594924551088
592556638248
578358334228
568736140411
568438424291
583131961645
599093238535
587497738021
598099326509
589675777596
581349820913
586889697342
