17411566327
17809064425
17511574745
18113877667
17989169461
17878112157
17296528220
18258405489
17756689561
17183867742
17918478634
17566701370
17180973359
17514108175
17570884966
16484791621
17754230040
18173591015
17676651846
17510315596
17948221371
17622598462
17437333164
17446723894
17637200499
17769654272
17622690706
17376535997
17493561333
17722457080
17146249313
17824837666
17419493719
17464393679
18054809110
17478799226
17411338026
17759466556
17837690428
17632456797
17009966325
17354369449
17376576466
16813787240
17416106712
17606178287
17519794573
17057926229
16948199288
17257247477
17108671159
17225988324
17705860641
17341093341
17360986116
17576554992
17543569269
17238738295
17684536149
17452144831
