818314463
779148590
815126470
902734134
850606450
842749304
822701434
794360750
827144196
811498661
818775691
827122320
807723143
893970197
863004257
794347578
854306789
841696005
835182200
814590730
862634891
779193622
829933291
742328439
833978091
803004961
857090481
887921415
831460079
869635960
835908846
825204407
833830509
851766658
860171671
832039047
827303791
828729242
848067045
814261600
840040579
824173434
821541636
833938095
891493100
815261585
867821369
836918418
866428800
811394218
821741707
800074946
837412745
830552937
860355644
828752798
819496444
797842870
847544726
785927235
785670094
799329938
809153230
829924991
832538209
802246234
838539837
824521460
818218623
829656232
836444203
810384979
849956539
829450018
835640587
852291175
854283377
835790286
859697414
814761428
904956863
868496385
801212066
805921417
828358021
825657190
842012664
795996501
794225406
842931062
817394510
804316301
849568941
795265985
845631936
824912098
837179551
858972013
857273600
861220622
818844186
835348225
827292807
856558070
880362969
827197408
868395925
850524783
832086551
826274470
877796814
874703084
871484850
861744730
706746360
853207262
857002186
839962114
809190045
836035527
874643282
848213818
875090337
827705689
824062052
838616679
864738551
805582938
827991322
820895222
867732460
808602933
791784144
816957914
820245279
807393148
850110976
826551623
815674564
854941869
809564582
835872909
825797506
785440776
834944180
822029867
837169101
848465930
845572845
837038715
787634983
848370795
860333600
863586194
829837716
823707274
835158993
828555276
840533354
786193172
843715291
831038027
804957074
835871759
848377014
784150468
796326530
859486199
836762750
770177233
829448026
815810320
817833925
889975823
858035412
818732000
851802433
824052138
851268939
820755968
856147193
814507930
819204560
843321177
828271613
842444652
813492162
822926117
814588819
862394013
834363513
818551772
837154069
820254049
741040403
866999364
837977692
813423126
816790853
839179343
856458977
836077848
812116832
806291434
811626969
838510359
809517975
828792223
828069122
849451020
