301638218863
311597449336
306697108157
294609321850
328177933063
316497179287
337670130571
328919513206
302399205139
323458676007
304430214536
334881681850
315916089993
342987242486
320729126612
309419891371
335506592918
311173883108
329884878461
317934290342
309770833448
312274110366
353495798708
310777740974
302076088627
303416460727
313822543608
308248429475
347456013261
304277400592
318905024783
293044339561
334478591680
293739869695
363550290059
330346199177
334646412500
363974889807
340434885262
294582969016
304021247952
333362407601
324021541472
322324666243
330101138506
299392442106
276549767948
311662380617
353300302182
313082406029
308244631655
328411564468
338758447243
324716713875
301640231546
346390816172
309684434016
299036574302
321123043928
299274906592
