211820976596
190105681356
177597012007
208229378113
162299698194
217350118362
204430960818
204198938584
181160156769
182226082269
171189442991
193386898390
186797798113
191745847065
186004899360
173447624237
190725792694
208772501368
203718864869
165987444070
189377670990
199803908039
228683073645
181952036508
196394732845
183261565554
160457349946
200333730663
237202004761
202481322978
199019293959
196400096423
191645538807
180781465802
205499688603
176319829674
180899077816
206209975496
210963787656
184969665461
187302973096
194095945942
212188041150
202852972215
179368536053
221623549923
201485473076
167270165218
179949095808
190971598257
182086266651
192440742775
193731537736
194695067282
197857888553
186054886806
185263987707
202030757406
177336716258
211661884100
