187187304543
178460437543
167889147459
197937538474
202387434296
207384130718
193130482978
179728254100
190399291012
181606113310
184726419946
185908955470
171003143273
221265578418
192930459152
174243956869
210909910548
212240497968
191647969050
183590756465
198138226146
186297251777
186869700041
159764009689
182770041957
181443083871
185841706863
221012243310
195995606892
197367463233
165096921069
194448356095
210639182010
195503720274
185964614406
200614972241
173391015096
177061071605
185847396260
181543369771
193705163352
174781575643
181899482065
188024909496
201331417150
207297477124
207399761369
189814037851
186684830748
184844891910
196792933104
178686873218
216815549977
190587067018
165736567646
174320436955
173204062385
167654766307
194982808308
179730063063
