0.8378902445610663
0.8675189039203155
0.879217709154017
0.7927145715688899
0.775520195491406
0.7890076592335088
0.7913131199441437
0.8393283000830354
0.8332469353626988
0.8743408949334144
0.8580374395740475
0.8122299912132637
0.8995333944191948
0.7373960070484182
0.7952442979847574
0.8628534309380936
0.7799320271489785
0.7803634381789214
0.8432364439969443
0.83158579855704
0.796231828943123
0.8399462851615519
0.8319076643844895
0.9134305480722218
0.8416738103271019
0.8423068076028093
0.8155912058896923
0.770920043949224
0.8040901807208175
0.822911360262226
0.8949908754120258
0.8585177297247053
0.7666409185048423
0.8313573355037207
0.8453094146688575
0.8061573777261579
0.888241792728135
0.8650463691034121
0.8527040103725955
0.8763015033949622
0.7960848690001553
0.8619671137070248
0.8691742573300361
0.8525564184801155
0.824050576413931
0.786299582485018
0.7845745947670768
0.8251098296942131
0.8677790347853609
0.8563936409281927
0.8207973692922295
0.8361303489975668
0.769399935487951
0.8130802592394113
0.8947975079946735
0.8640265089106409
0.879398109825726
0.8924965676666244
0.8072090429525367
0.8557535080143979
0.8396886608105194
0.8648980747552948
0.8708128592075263
0.8460253503284503
0.8428589814728782
0.8819531353405905
0.9440422941749795
0.8385441218097657
0.8516585249352389
0.794718333010373
0.7801879183022096
0.8937000996978071
0.8677828155049176
0.8549810719575509
0.8380637830226254
0.8536689121810757
0.8350817056861325
0.8907660801896365
0.7867809909205052
0.8656657168755014
0.8304105458554744
0.7893600337813628
0.8175343140947322
0.860370247928124
0.8998592889653697
0.8726299569297429
0.8345270004976465
0.8647357623149031
0.8342992748636505
0.797350343396757
