3063942176
3070540982
3107549107
3009161735
3007091132
2858439285
3126709383
2956435847
3083728809
2940574791
3082286795
3060636640
3009945895
2949610988
2976615831
3120677678
3061870338
2817473902
2992816691
3043604766
2888109366
3002165527
2998732691
3050141437
2974338527
2905152851
3100999239
3105658563
3017112465
3108512352
3049981511
2926307443
2976606021
3033086646
2940851375
3056042338
3069063487
3074752111
2990528147
3076544830
2956030854
3069473984
3029320571
2954236236
2882456475
3052983382
2958924096
3066613371
2924196542
2860424692
3040923951
2964230191
2944647935
2898666449
3032448660
2906125687
3007415274
2924960384
2974927753
2918469378
