2.0996893950187743
2.0803788942514734
2.091359594599325
2.013916013385244
2.1261640598218614
2.011850421944895
2.02271060940922
2.0765401604141145
2.076570827079382
2.070120182334426
2.1189100996936365
2.0755119780039117
2.063363746890221
2.128839945957786
2.0789247111061115
1.9904385817705539
2.0813944360640373
2.020887745942303
2.091398048321186
2.178254877202483
2.058352280697898
2.026065297424343
2.070840695003186
2.025272067685467
2.0350153977601124
2.0733182806900774
2.0530433516082756
2.162185148313475
2.0893938561549876
2.01427039166697
2.129588701735845
2.0841105558728987
2.048782502289934
2.0060706572878364
2.051965003279306
2.079723257726216
2.0282335625203975
2.0492706881926783
2.0083895614314797
2.0262377276211327
2.0940133433767745
2.055628277647853
2.029747191476859
1.9775517551641433
2.0944899095007576
2.026619149606432
2.106691846231883
2.010319958576315
2.0093375029914577
2.0071644262985195
2.0938671226307317
2.0533253635632005
2.0717173358264467
2.0745806229413124
2.0934486271297357
2.065379888357901
2.073711467391233
2.010570604890512
1.9858485828981274
2.0290167510361523
2.0642809398355335
2.093863929126496
2.0652547447240805
2.0243111603434936
2.0808943597996876
2.0542919739652246
2.093118318137881
2.088971008279924
2.109908425974631
2.0754443052642673
2.0898733486401104
2.0518981005275583
2.1238491275530924
2.062602391888634
2.192259596209999
2.0688894372315665
2.0571105842694735
2.102688221723924
2.051540335520539
2.026897790765426
2.0437744055107
2.151601105438348
2.0700241661922423
2.049027552056262
2.0575774710878383
1.9785557619398177
2.042961326305893
2.070269827796572
2.124312483875126
2.0841706183511386
2.0315530910703665
2.044281270706068
2.171314489994706
2.010012954789898
2.100301329089067
2.0685615842289566
2.092432389331068
2.090468646462222
2.015064300686099
2.0320131633171568
1.9976721892078206
2.100474175197891
2.058209462074257
2.076425440252354
2.0065435367474818
2.009606160724768
2.033675245609378
1.9817013180825338
2.0703289244143597
2.0994283215378204
2.126554953406367
1.9789474322468497
2.0986072774016407
2.0612418220089377
2.053867282625416
1.98726210786324
2.1570154015549643
2.0043969975508733
1.987479731144735
2.0469540467088945
2.004802058921964
2.034055302789217
2.0866897612203723
2.0990500226889055
1.9185589244630166
2.0040316887980283
2.0247754195560677
2.0709479835363904
1.9734678019450957
2.0831070068636355
2.0753857480881743
1.9858919263092092
2.07643326555653
2.091612320485084
2.085518226456747
2.0758285922926967
2.123128084560004
2.1171295705418447
2.0505230500398723
2.005350997867159
2.042705161477038
2.0605561855095185
1.9714170534470812
1.9915451540519546
2.073660395500476
2.0612298694828857
2.105661282246687
2.067487048748473
2.0341552371511495
2.054921229667719
