14.883191025395744
14.623234879062977
15.142799881282205
15.529825061689817
15.24803238934076
15.324530272381413
16.049656717564712
15.425386912558094
15.612188250572576
15.51516322988836
15.406643576419865
15.340462600316238
15.280406563667636
15.284121385558441
15.41214968611131
15.064573243294117
15.446514258718647
14.97170974401652
15.16599565856582
14.329975438308729
15.135070677780272
15.551708317009535
15.452866589417532
15.226739787478403
15.295528886832436
15.285853391231582
15.341183904688585
15.397974955259958
15.319263774814917
15.281846986049052
