18868982008
19248748868
19996234852
18718186653
19268385899
19342192701
19222922341
19723485290
19457988764
19602158515
18788735984
18753720546
18679116318
18447006482
19696587707
19618783222
19396046378
18881346208
19443143947
19032896033
19066873165
19545964725
19042890671
19627791622
19722667048
18881107951
19586864370
19476390855
19159056021
19125219636
19711805591
20165068865
20293524188
19837790920
19334219686
19458489698
20095117170
19498161726
19695902555
18849743727
19074097869
18678996346
19023966517
19312827779
18929244315
19334259883
18739234458
19304011711
20016186882
19157626924
19313643879
19133442466
19348284185
19728570334
19245187449
19451261575
19452082519
19426300250
19188114917
19055756151
