15.342536151513617
15.151394565952526
14.767760990287854
15.55833714016977
15.162449124249813
15.242225985307126
15.626717237436088
15.20048486826032
15.436362156591901
15.211959982459106
15.699798227576181
15.532065228631566
15.702979830868463
15.324347149540943
15.179511783847891
15.06977805679941
15.1200476522185
15.755670089559326
15.28121975591523
15.660971146124474
15.680341748368681
15.973784317775596
15.973216853217737
15.508779742638335
15.37073712506552
16.078171222145986
15.03340543629853
15.339385901844494
15.249421029917245
16.146268695327
