716028697458
720446660972
726802878130
718605868866
713736417600
711677059840
708637936356
707285570030
726136409901
722055168252
715467313577
720957093958
722686461151
726933743623
722328361315
712265670610
716349456364
726019102207
715891983278
705375212920
723127820702
718996075517
723439074514
716506729421
740151886055
724988591563
729797339967
724119036773
721133150306
728420854144
723794529520
722083892602
725035992166
726751709569
726373870498
720658211079
720681207488
737533318037
717984379659
713423399517
718588575894
704188570622
722804377745
718723998822
712242707844
717964765104
719623424760
728420110326
725410454396
710474315449
716906613212
719355790845
727311851157
727278493031
715453203767
709780203370
712990840169
721969124154
731443326456
727742505788
579015093823
585579744566
579887686328
591915831071
582465800700
576009542836
579372215413
584656946670
586986713954
573487969554
588848057263
575919369316
584099857226
586204033581
581693416978
589892043552
604592760241
579176553746
578101601361
591282653807
589007279225
580964660366
581742557904
581271229005
578640716653
575330264722
598699186648
585247586901
567015050691
588429752600
