1.9737653017031558
1.9896580713975127
2.010763778771278
1.9880821210243604
1.9777751897697766
1.9458787634162638
1.9843261838140527
1.9622783897050144
1.9567909415923914
1.9866118604205212
2.0052310607590385
1.9733238049188775
2.0287906498348987
1.9826790014095108
2.0350230882379736
1.974724174936561
2.0017063863085816
1.9714885290847861
1.9745490460954096
1.9930422058036283
2.065133951546736
1.9819962801865272
1.9996135138971072
1.950854724191835
1.9873232939256846
1.9957771210290767
1.9872746693742795
1.9882715510810098
2.0077116719833317
1.9838270981552246
