258904407296
265406979790
258815039426
269115575255
269678824728
250651009707
254175015583
269684709500
265746374947
269165461219
279977395739
261479284110
273869121375
259386004472
260552208897
261143212796
267386518236
267818609975
269440335428
257829978548
258774740836
260889153316
271019756174
250531083706
258622763979
259648528013
265885845356
253902205586
269691688211
244205213459
265398825111
257986072870
260872537438
255260301459
253251433945
260899363243
264629570279
263110744615
271075662509
263344611076
260139833815
259417582824
264862813976
264759833034
275563665893
258774314979
250675908024
267795886949
266622100890
259378710534
246100580053
265838756134
270170080978
269384021171
271117042343
255678980090
270845539661
256765638344
254603283846
263467178969
