2901262108
2910993939
2961102778
2819614172
2849049386
2843414324
2885038621
2998510973
2874898319
2860011346
2815849829
2847486020
2930842422
2887683656
2972675271
2949550797
2866020037
2846169627
2883663466
2919522701
2892832452
2938152613
2980566166
2995838167
3031686200
2986749209
2955937852
2980672035
2956999500
2911661194
3010136801
2987236242
2991683319
2961079659
3032998857
2998440971
2985988094
3022274302
2916106926
2848854861
2857478303
2917396517
2869502725
2808407740
2938263267
2933142173
2942644310
2932961258
2939317166
2916373035
3006310274
2847597923
2980868877
2915000217
2898557899
2906162843
2900130011
2852031619
2890639509
2912359505
2293378029
2262115043
2318405795
2326311266
2357574391
2287397569
2267589730
2258124356
2347781860
2272180434
2274762795
2312950160
2249531765
2387755916
2331558880
2323433558
2348073041
2342443415
2301460673
2327009838
2259816761
2218786104
2394932621
2303066613
2252348919
2252971162
2301831044
2304448537
2294941132
2299757750
