757259227
780984366
796130532
752809725
773146969
727865481
775331787
757693667
730018912
800778988
715580971
801606816
749643425
809597815
736453758
778942995
793028079
797331229
741273329
775956766
800821011
737904639
745176004
742861273
758252547
778401912
759766297
727478497
783268483
716984955
765878520
706812064
803756464
770656153
777088974
760870647
735473228
766768603
770481338
733641160
754854381
782819042
732463244
763498426
734596950
765446900
745897473
728043329
782525782
745402782
776877762
736101872
744418032
763183428
774241061
761462286
750597668
724233226
758884015
746468196
