138430515606
135738547031
133377047086
137138591971
135546343784
137372904636
136816866458
136389357394
139081844675
133090407627
132642119058
136183093839
137697667289
133697891949
132421249448
135794433827
137511140836
135999864389
137071934949
135965527479
137101526653
139991028527
136065751411
138706983121
138480133223
137621100676
132694645166
136153034304
137211973783
138491670295
108526280111
108625594261
105794145266
106255049336
108709842982
110385316721
109331397966
110580720447
109971665861
108365941713
105580828436
104768445706
107393657013
111077136479
104794603732
109866643990
104331201860
105916889677
107685163755
108196226035
109187258827
109099215890
110969023476
107165697158
104999371808
107950850774
109071737283
106511878353
110624770974
108922449351
172021103142
174889718461
168913951152
170891703217
175048070484
173388370269
168918353150
170489907214
172969073003
173383162278
174411099410
172427261764
175330626605
172375935780
173384959112
173448131999
175275366481
171778956560
170810835539
173127240866
171409308056
173925904791
172003623210
169285401459
171504097641
168445606952
172207738543
173111067016
172123023139
175719210152
115798096413
115733878170
114012706449
113586966920
116158938450
114661016190
113921297110
114594906060
113039769108
112604985031
115694676813
112754003714
112879318149
113678283449
112466811886
114690896116
112309757363
113003106956
114733993199
115156578744
117312415041
114594066316
111201556992
113254307020
116033433564
114716503324
114539824728
113080155428
112908478650
116769273469
138473730419
136641414627
139253613897
136826649508
136719124338
137888549020
134403033347
136653548468
138202298594
138350581857
134493152366
136985392569
138045698894
138782636675
138782823552
138729817614
134844467252
139485135905
134682490067
137955113528
138427293710
137371911300
134480387033
135211540426
137854062674
135301193993
135031479752
135946039835
137413203595
137497282275
112606657284
109867088022
115039069757
115855858853
112980397988
117209748419
112282275411
114417311275
118092941005
112054241850
117140348729
112550928133
114633771644
112048802873
112960214704
114379983689
115716030729
112883419188
112817845760
115961448120
116224171612
108940969283
113009623151
112986214975
112685934305
111407109929
111856660221
111766378022
112678072873
115454213660
109194315094
106685407419
108120771407
108343538935
104641909435
107823104058
107755176900
110380049941
106310468199
110223275766
107666998460
108943788149
107493946573
109272219637
106946108001
108040262584
106479509114
106932884933
103345084923
108831181684
110182761101
105935555892
106544038871
110814289213
110519250648
106941503885
108296797056
105001636582
110153516240
107512022592
172301920802
172328810533
172700640309
173272697201
174904092647
173397859087
173265079521
173324765375
171254567724
169836146135
170884748864
173970921296
173317915634
168484291085
173085660386
171829593126
172872410013
171404853164
175806922423
170480230686
172024253813
173736116141
172993821297
172832543039
173747626982
172863144397
173522599646
172976183187
175330633646
171037139476
112248873081
115057487226
114696242409
115068142194
112949503034
114871401252
116840360903
116993059856
113908424143
110984768412
116512829086
114869843695
112098908901
115392025041
112453516633
113396510446
114693233045
112650212069
113518041116
115557838044
115043338011
111899340114
109795156702
114215643898
114864992507
115362866060
116616726417
114429220555
113577902469
111617105585
133791362415
130113674872
134894290449
137976979778
137048178029
135434960196
139062136772
136482150637
137924601675
137038004950
136305283945
138143274932
138671629700
136288106481
139031343636
139728677382
137400426750
136024719372
132958941495
136434425527
138944125452
138287285662
136916452086
133969997517
137446390362
138939968762
137364995669
137433359822
138601782201
135972903104
113470838325
119476273923
114077400686
114173239790
110542016873
113436273643
112625693524
111400005578
112297376128
112187452371
113868919761
111842115524
113531609772
110936791167
113834598700
112986441715
110642635045
115124911644
114294136321
114808446607
115752180222
114863292162
114339026295
117008074754
116626394299
112595664577
117762385898
108417386343
114472212955
112553530055
109778502549
106709405776
107432878557
107019883657
109628464590
111130218694
108966046755
110135585284
110156620591
108586543837
108933581079
106543223216
111075167682
106870330497
108687487938
108170197222
108523511895
108471391540
105388095247
109018681474
108940300014
111189647251
106830177117
108696009567
108890787447
110817766214
105656669319
107811594941
108408624391
108885976907
176038826716
173826222209
169945812964
175184628917
172706347987
170293601772
173522278183
176061338277
169826896688
173060464044
175323840162
172638108178
172941999380
174088754433
170259917912
172620477804
176417112783
172670085519
176229644879
174911700906
172481994936
175812915628
174468889321
174150648092
173817929449
172849012546
172576672590
174203547264
174279117055
170980984695
117246981021
114655588631
115775070032
114098226136
112393433458
111848320274
114467739235
117093672446
116234691518
113200136977
113222679909
112458405629
114061589062
115440622265
116442905973
114832080108
114097958063
116523557230
116525734002
113521218720
117690143733
114947926899
115149822843
114364784382
114570745493
117805987152
113396633714
116516833669
114182716186
114263442552
