431116417057
417537433999
437305636575
432089540417
407806796699
410600108032
418785022782
413967014121
404719908532
415942119935
422419128832
403732856199
402106998718
394848726008
394732390580
418183002593
417094555857
410721662376
406688691706
406618651686
391035552628
409705309213
424992196900
423392695854
419940232387
418945561130
413329883635
425431033968
414189281888
422024809042
388450619139
451660348527
441155999373
436781025706
453230082985
431387433321
439265572599
440719728299
451486999991
420583123597
400861928069
398586460367
421060741337
411382897063
414547224746
424171434871
416882916575
415519580474
416174677459
414981140248
432552172876
417432677390
411592473311
419883540296
420682738508
427653768877
411252971644
423262365916
422829893956
420754390472
