0.7334474870152558
0.7353294325813132
0.7263633630279881
0.7592060407736929
0.7503604603564661
0.739617606793409
0.7421623411188439
0.7383928437592063
0.7529669725503036
0.7638434008507567
0.7548514214300764
0.7653111392658517
0.7521598236896612
0.7492654846198171
0.740747559193863
0.7239027584670136
0.7550446971638057
0.7584688738620502
0.7525822942379636
0.735104289861134
0.7579144557826594
0.7236943999261548
0.731976357862167
0.7116264608993211
0.7297694451092616
0.7353825592231051
0.7439199226213633
0.7232451935105919
0.720152984894776
0.7281637880498377
0.7059985832094933
0.701844274306195
0.6917655006187112
0.7096892909632861
0.69846351749347
0.7038307521300332
0.7119358292010314
0.7138781522168723
0.7363969873590056
0.7567165740685232
0.7533894406467273
0.7443465109209447
0.7558941009214358
0.7654721810781042
0.7461735978816971
0.7428084819223818
0.7370139388908159
0.7437131620139129
0.7384410550245666
0.7320998870248818
0.7446664631118065
0.7245909069767014
0.7466145385195642
0.7542735670356777
0.7277118932735818
0.7302672973659761
0.7430247776428955
0.748491080170836
0.7384821558629451
0.7380920661410482
0.7494487751122793
0.7655402597799907
0.7548327154153512
0.7711445333587595
0.7554165723929613
0.7560002405836774
0.7546612320026637
0.7611093965596529
0.745609917837144
0.7437791201974369
0.7615363002423162
0.7503665882930336
0.7589123087008397
0.7362314967536978
0.7498657720420794
0.7540636305322006
0.766153330230356
0.7370387186483464
0.7493582850963975
0.7604143115106572
0.7761837134821225
0.7534653614219716
0.7611633326324618
0.7511186711414986
0.755044359781682
0.7586724206218257
0.7647132266725344
0.7532985533392929
0.7828095888355823
0.7659842364163674
