25.001774968223163
25.581595901330978
26.276348076387773
26.221980454633158
26.262427420174372
26.18156820497239
26.42168426306859
26.37195976334676
26.072528059324558
26.47592274758095
26.607102795572274
25.78629977454625
26.2399202693974
26.150075150181124
26.187315503799052
26.522093000339652
25.893822450949262
26.200260683018033
25.49145807340059
25.902907789046353
25.87704287788387
26.10906244011375
26.12980664637707
25.904030364477816
26.041168581480704
26.659557335628808
27.106770309013932
26.175894726003722
25.795050500379674
27.058149872199706
26.344773471644828
25.980472995707714
25.676348788115284
25.636788781668056
26.24637166507607
25.974272709830505
26.16478923950002
26.028585723605346
26.067016415879934
26.672581787147237
25.81629558999183
27.06573879858628
25.831663162069486
25.53814047794382
24.717754289767726
26.060107883024173
26.63192313940317
26.23226115190639
26.171874633179154
26.20709334164844
26.501081874638437
25.94639054467413
26.04547446518424
26.329767340540254
25.646080880393207
26.156022239515753
26.852885864541232
26.005463258951274
25.52342598015354
27.026573276589644
