2246579495
2178765501
2117122279
2160629051
2161204619
2142926588
2142155909
2171486858
2083112409
2177497076
2067625094
2201553701
2122765848
2149062485
2076748005
2144419636
2202963725
2217290091
2040579064
2176741846
2085710631
2058534722
2091142158
2143087998
2130482678
2080250449
2120245145
2125702660
2176027023
2018089830
2328781333
2125013083
2167773372
2114509411
2127817887
2190815770
2112203409
2148763494
2114642120
2112962675
2061131091
2193617008
2097460980
2064235563
2127633552
2126130938
2200456706
2099893485
2151129065
2133435627
2117700414
2084940293
2084269939
2154536584
2122144054
2073569569
2066693993
2102285450
2210378305
2058055330
