2.1230312803861353
1.9718614267287369
2.117008929483837
2.042118257478385
2.060486174501164
2.100981957338744
2.069590376616744
2.0975071169292065
2.0283586825714095
2.07233419559633
2.045523179782259
2.0629070662179383
2.0029844453445333
2.0880127653623504
2.079758865057333
2.113775772645606
2.0721704711339233
2.179967281768156
2.02097060448619
1.9583252820134494
2.0975789845848767
2.158904730924019
2.0442549768492726
2.097299448624935
2.0558782134494034
2.0690380436488502
2.0976687817353232
2.009875634880862
2.068596827417339
1.965836000802913
2.0434995465392474
1.9977329577071026
2.0834784644576465
2.1565480638238
2.0399740137965936
2.1068713774927645
2.143443829260382
2.0626790137771325
2.107872560067293
2.036076150797319
2.012738030679521
2.0298615092597334
1.9990320498219434
2.059875388426942
2.089365863871052
2.0363657383846845
2.0345112391732303
2.0430863841624305
1.9872583700720208
2.093037386837653
2.1183792117264693
2.095127815344368
2.1377304315648606
2.096451407920991
2.0745011377471325
2.019154894343457
2.013414375099288
2.051023934645753
2.046417066331064
2.0619352854455344
