132641356831
131599194601
140005175894
136871959443
125967148255
110011439616
142424405711
121796493333
139945696404
131171452335
128469461958
143223800700
122861361186
132435509305
120328610266
132594070728
134931615985
117222580299
125977953265
135433934045
114446246023
138120031227
124864086634
125847783685
115556479324
108907546398
142535004648
123224474995
145924819666
142494217599
131766576940
123001178396
118507978903
124366872464
125382568898
141890710679
150960566575
145170049149
130071069293
140919457429
125948106036
149017202339
133322690199
127140302209
111387611824
129052472046
133364706544
133513814829
123551828700
111430574161
141824700824
114736220558
123239115410
120549744949
126977340884
116882805976
146322332621
124150048658
118626926900
157705005581
