600218042157
585666981251
575272093089
560357656510
620589802166
606365435228
602578940280
574729258037
583831872694
575108610155
569380596582
577013716577
556253943123
565825936419
571275934549
582763157734
563578826304
574822358340
573042650605
572566527495
582033548139
603033367084
588381882843
603965571056
585160110105
602546042491
604305816985
607274119562
574253891701
590663292922
430192929541
413161132218
420965428556
420940809608
411186465284
417729794273
418994933782
413819539899
417321092092
434374045392
406130420926
420040520995
406817432987
417960139722
432800612027
429428789048
412619471756
414935636668
409516463476
388917274892
411874779052
414111273979
413744120904
402397118930
419134925154
418259795350
418147145117
402335710852
412396380014
399888169781
391948330922
396400051684
370265805744
398589329462
388191706526
375176852970
415995377564
393212830149
388149939285
393671030250
377111291976
377717965138
372808748392
377514310200
357422772527
385324288312
370757628655
386250516311
385707909005
396588834697
397945884162
402306421297
380273559376
381484758624
380585471502
396711034882
402805486410
394305411440
390792500764
401121358508
716931393681
723980243950
716843023558
721726389898
719765056244
723052327326
717616570806
735277658295
728815551061
716340076249
721178864226
722090230233
722495207796
718990792282
729775103952
734437188998
730640953012
734386406423
714490601481
725505938652
723079695623
720564856842
720057453178
736455236185
726088354214
711498894769
695762885942
690286162255
687738808525
715577165890
392929544432
400854070719
393119319153
391308717791
397186135615
401884970734
394879527522
393801754746
401241484922
400757689212
390074309069
398626726614
403991192924
402787941468
436044396180
387316568612
407284789853
395158303352
427156126678
396490620713
400367283298
381635185054
411056739117
403866423654
399761891957
424615877396
424437440423
399981946750
409623149079
408904155666
403618207496
398045880943
403491409254
419603826436
441970873412
406544553977
403625398131
407103612684
404677557215
412781131991
410380166760
394815354765
406985734888
397664875529
400215788389
395805323628
387568311891
417107168314
402944252513
392848382450
432717264058
420293631278
402899877279
409416318611
399800423303
414780574883
411210748102
406819346659
393131636804
412273954413
535191774608
532147620254
535815478284
616836815303
603082673043
599673871204
603244436180
610363082683
600124197358
608849569074
617514524865
600181978624
607859324289
608007926177
563333361916
575494676822
590617285297
593645710264
576395376920
582836334908
589737625348
582593664718
577107526526
571877359864
582707857923
526654538138
555096152910
559107215921
541727735231
553532832828
2507585504148
2472853245077
2688021549442
2679260696779
2647579966451
2690404159476
2738008827095
2739285648975
2737109066965
2739983148407
2794561896862
2695185241340
2727624089089
2745823446373
2677189230245
2725762398515
2687149250814
2724609968725
2736610627603
2716974421699
2717792909955
2715580847221
2701689812164
2680243967280
2690183356720
2692716214081
2683406105212
2690089002875
2678169352537
2626151911073
3002393828360
2975423514812
2949070285324
3006272109935
2776194165953
2811112738219
2781765185263
2993354540068
3027284173818
2909736430662
2810088438054
3075667188609
3034526879587
3026651044321
3020835739211
3047445215465
2995070121757
2990980949032
2986126231267
2994348212407
3015347590527
2918420815502
2843038387046
2838981367341
2823597129349
2837095811987
2885802406590
2881340343270
2815407103337
2809497960957
1960989689932
1995033782997
2054595934223
1709995301528
1718498857591
1658768581355
1694739956836
1704771436974
1693374431391
1712137927463
1697493698144
1723993638546
1762178927170
1709913474782
1697466886275
1747150010641
1707595600417
1671338017552
1712897175079
1688724894518
1714127432698
1716280375235
1683464463597
1676638959605
1731158050601
1714090611607
1684944983484
1703616135267
1709546340247
1750064818851
1897977081944
1823637059211
1853589673208
1926495302815
1925178309868
1890534072712
1950584041695
1924033644557
1896967514714
1873635060003
1744682032257
1721868741127
1983222326783
1974197648548
2028284978118
1987198201357
1977339062160
1981977854448
1984599275106
1995512632756
3772475485970
3749616687957
3307294419051
3314505314099
3376657410700
3339468257564
3333493129579
3314909488608
3341265100385
3353476587678
2927025894327
2892939594659
2885340594290
2524431045957
2486437252025
2496348883983
2489877978346
2500388311675
2439581206938
2487091258502
2695073936423
2592370467168
2624738618850
2695859002743
2700782853210
2661366443307
2684349361456
2711997544660
2703134786977
2745445734821
1824399629383
1777233518542
1797410113942
1795939456402
1768488010425
1787144483197
1795107990979
1792064261102
1783039248352
1791181067085
1603175991118
1580841219358
1897783957355
1891540761578
1884741592744
1964994440750
1983776447377
1980756834367
1982309016269
1949742899092
3375915945200
3317209613502
3472195220284
3474671933658
3420762367437
3379366628470
3377652601019
3422977483387
3481390480521
3485336366084
2005976257243
1927715997317
1853428931795
1820056599309
1802447865518
1905979396278
1830259935543
1827060581440
1824401095167
1824906762370
4994370237708
5056769545491
4361543467730
4549765853882
4445199090110
4346788367834
4417016963114
4287287405615
4340364240444
4332279993536
4387342779780
4413240628795
4376509851465
4360989605195
4464166714345
4379969672639
4473405892192
4423109419618
4416650097089
4447665482631
4407668467511
4425219258114
4433290992194
4343266782988
4406662157319
4429644732414
4329595521255
4389701565231
4441311341797
4363635654414
2980246564571
2969734361274
3179527414957
3170643786371
3196148743734
3161815370668
3162289924086
3168625094667
3178577460996
3120421047377
3132730927413
3082105737628
3054703784778
3064580780432
3057228674999
3038319598327
3042587321261
3049552813668
3180862888524
3151093512593
3159371609391
3241220605437
3252330802004
3280318493155
3268349715257
3262955926018
3252319079655
3217505936352
3218267018200
3247423419323
2853453118001
2836324574609
2836234015603
2798777073055
2823465449900
2823324610926
2836136274473
2808254049131
2824901019966
2825813947273
2751942445202
2786549026025
2759830961004
2781437782368
2773527827153
2791173315112
2820347053030
2794978720031
2798228834649
2776090578832
2783240536974
2778347666860
2747203387071
2742242849125
2769980863902
2784480263595
2731330569082
2746599697798
2730657966670
2737946900068
