2.0691217206180545
2.076880843341261
2.0317488794372314
2.0609716349706755
2.049370958601408
2.137636280030403
2.027837990028871
1.9923073904953883
2.105154938237762
2.0192237462336324
2.024325804341659
1.9910642315436204
2.0763839003408338
2.0417094175752144
2.024127441144784
2.1221297017303327
1.9998706617906636
2.049081983016806
2.053817705138376
2.003920726929766
2.0815444549383613
2.0268272292029725
2.0630862666877032
2.0313842240250723
2.0723423759495954
2.134212932523432
2.0224992698991024
2.111639373278645
2.0521637158975143
2.0677122763567275
1.9841624434072676
2.074472984593468
2.09190494731484
2.015111136978765
2.0715834812929135
1.9740732465720972
2.053818389673232
2.0618508823242556
2.0560514357871296
2.0641565774120885
2.0294509610623024
1.9642445118396479
2.0419049479060853
2.0452543773581486
2.0306503736356833
2.078102944806079
2.0697799135824564
1.9752255339589533
2.009897233876208
2.054060953710144
1.9818394717126406
2.07193304113983
1.992521579583118
2.0310391108572823
2.053401411050794
2.0658564855345967
1.9923421931487086
2.022330075035659
2.060271955825722
2.051539985296518
