16153697618
15826782359
16675550937
15537562893
15596184492
15629838008
15871038191
15661065020
15850473453
15718016508
15490355061
15465873410
15923793764
16538349697
15699776102
16427062308
15128147955
15651145761
15604623226
15587547631
15860167015
16316386266
15848163885
16568300157
16203761117
15940097717
15952035988
16385048100
16153192943
16210107441
15808268363
16013189614
16900788095
16445516881
16848218221
15764902712
15787898070
16403495170
15749232855
15155957220
15629977125
15651725675
15969229748
14801068866
15806935196
15267359450
15823403751
15498725680
15923646133
15427381221
15249314197
16075761429
15762301169
15339583414
15654796988
15900699559
15607386499
15613552867
15800745454
16029721748
9535610214
9694973077
9671889848
9662567232
9799816549
9587062853
9634493160
9475883795
9500675079
9366747438
9480059330
9941686872
9883493255
9579042387
9702957916
9978863638
9794522736
9552122258
9611052171
9747347111
9543878220
9382715830
9661070508
9763741350
9691746181
9517691813
9903127844
9620723429
9589591374
9780399903
