136872559888
137462684571
137289493229
131468619331
133641492863
137463363448
135019332445
133564853429
136715576472
134462156687
133580723706
131291602300
135291799434
131862071241
137089197092
135545171406
132640913801
134139094599
133742498735
133573869599
134771538676
133885829494
136275230374
134959069570
134048443819
133883222872
137504363375
133970191594
134108624157
136058184036
109856062741
116000615032
114535084434
111893433297
115838485762
114647139247
110236264816
111881048270
109954009531
111259557748
111640699113
109832868185
115670243766
115013992906
111572156838
110754664948
113155494235
108630243101
112428648983
112502742383
115496792396
112883036109
110663505317
111155649197
113868260607
114873988988
112449776218
110890490469
113208772216
113817651501
134044027557
132401778486
134630200847
134134435728
136681482430
136153925868
139155788483
137323192229
137817419814
138722839288
137245355786
134527059990
133976707819
136129176834
138393825952
133517626431
135871435861
134101277330
136486692249
139316057758
134906094833
139335918438
135934524350
133646539338
140204157359
141612515083
139013120981
136198581217
135559041031
142349948594
135777747030
134984374499
134763189249
135922902911
137034919847
137819393548
136198517408
137057323891
135341382936
138849844107
138896489555
136017015726
140585860881
137090523830
133020855485
136968049952
134668446945
137605141302
137148846907
132541106919
137051070186
134005112941
135327558785
140371300956
133365258997
138148565132
133096483459
138621075500
138183212275
137794481913
1033857529083
1029875496005
1021922366081
1022810476872
1016691175942
1019231601627
1020672025127
1029759805638
1017780263856
1028554015021
1021253961621
1019753290465
1031324379762
1030155539853
1020010122170
1032991295758
1020576398527
1032604167859
1020902493274
1016013487569
1011198002506
1026695293015
1018746605096
1015639619937
1025582348990
1019836221936
1032308402122
1025006297353
1016452145086
1019587448000
