2737973847
2827773778
2707764172
2590039804
2621874676
2642114685
2634522767
2616943848
2616781309
2658430332
2657110113
2602145443
2656380505
2616354523
2678921073
2622342968
2612432174
2599004589
2608310383
2609325671
2615249951
2660322500
2616976976
2663778796
2620142542
2590048862
2659213915
2614387574
2642692619
2621069406
2062793316
2077943938
2074237567
2027720893
2084156608
2064855719
2052179262
2062594428
2023421204
2045494283
2044533508
2064338265
2119080071
2056799569
2026116054
2057233146
2070566694
2017817373
2063378044
2077037620
2096344013
2087799364
2015660521
2032242574
2114173310
2076159315
2060432950
2029784871
2081795347
2089038460
2604391106
2588392103
2580332851
2675683678
2781078477
2700062122
2765583512
2760573478
2720537147
2704363612
2716502977
2714535222
2691019717
2718482544
2722750947
2669796002
2700468648
2700265275
2728455001
2724949145
2725347422
2713824122
2666115695
2720002415
2756307746
2755685755
2695719831
2715409897
2672428440
2726487587
2654577619
2668891527
2686618683
2699975251
2749532565
2728445829
2749459215
2751506600
2711011067
2756878169
2766729612
2759127718
2805233802
2752814623
2665140674
2735004456
2652256926
2760454404
2703601174
2638956211
2735689951
2715003330
2707022339
2704493182
2714299405
2744563889
2696568816
2705090392
2686202083
2658316474
