949167647234
986412357952
1006634218084
968960717575
1001145188395
995615934677
1021432475535
979043851255
979655954207
985770572691
959226795604
949047344313
935790093945
936197593811
983996209598
990554696134
987899725909
962729517454
970706275084
967414588946
959654829134
1004683480238
999767369922
1000579860639
998448979027
999856810116
982353333096
997725428701
987665488934
997360592289
1024851087472
1027672964159
1070586106418
1042146865526
1016704282632
1024903121592
1047414049000
1027332606183
1020635129323
954025639429
946281420909
956835640271
987108396293
962068061810
956184051683
1007883429867
988244042884
996788058285
1007837278413
998646034769
985383198879
994147301527
991107037204
985068898152
979674732786
986762497612
997074088849
983533987232
990958123287
995325900417
