1.997315302501498
2.022433074019821
2.1462551098944225
2.0508819200558133
2.0765455395177925
2.0790636352257823
2.1614384358049956
2.104230078819816
2.107584485176914
2.059391404705585
2.0240799495649777
2.1344398849323927
2.0274993484398083
2.1020852658203064
2.1476975760064723
2.0525061728590033
2.0178730519537913
2.029164061558322
1.9801439098698754
2.147075467248684
2.0892186600336715
2.0853388913736413
2.116962995526868
2.1058291498758286
2.110327520125005
2.0902092511358368
2.1112628876598993
2.092877584702792
2.060988359053427
2.0411962839104523
2.0168953428777114
1.9823474686375144
2.0899491432785093
1.9961612770405
2.0812010109778996
2.048908010207152
2.051751111250732
2.0668682722137026
2.099399336831562
1.9590212351124132
2.097864915720798
2.0143988531061794
1.9818510387672434
2.028636307343208
2.0040776316086273
2.0156790586750453
2.076506773954483
2.0932421840992994
2.0178159450556485
2.03417880091961
2.0199990333008095
2.045131637581894
2.026551856790482
2.0210468852601027
2.0233869486850233
2.0597276148255634
2.0914631474253564
2.055746024077173
2.0632133719154
2.1147294040997724
2.019560284721039
2.085787731187362
2.0692346532062427
1.9914692143785087
2.0870458975552135
2.0781879326147834
2.0458411166847172
2.1025768793997934
2.030583064026546
2.0801161002983335
2.123117543154186
2.018393335997606
2.0194229055178416
2.0231129870729405
2.127556334134739
1.9874146636314896
2.0184419412617847
2.083314666382117
2.029236360904151
2.1252041252542675
2.042854928125265
2.047566095570645
2.016518931210418
2.010273610841635
2.0487670720882023
2.1045301714358295
2.003677040344322
2.1125072458962135
2.1352308369745647
2.0895096610402555
2.036877930265761
2.0651443023561367
1.9991831613875812
2.101419874499226
2.056964530205935
2.0377178018832383
1.990958351680197
2.082055231496191
2.0110168634114665
2.075692043917791
2.091679052209603
2.1496939726649584
2.0727196953592384
2.0488878823691055
2.111258442149554
2.055853002574349
2.129153275691454
2.1341029167092644
2.0704530306067106
2.076962854979245
2.0345758723897442
2.060639334553287
1.9528999724787346
2.1374763441534994
2.18745060689476
2.033847286832961
2.1092734784297904
2.055725874662749
2.0151901814865445
1.9978953479970185
2.127484330068574
2.034132338311658
2.047946820404576
2.0907159970964186
2.075827857218281
2.082326270446369
2.0736624500498078
2.000265783899704
2.0735218820185546
2.040397963881699
2.18210397711742
2.0172089421741353
2.0713900783612273
2.0621563089775465
2.0231024578838204
1.9978264717607563
2.0459974707296618
2.1594737182786936
2.0731574196535187
2.078459662643112
2.0393313608485726
2.0112272781679734
2.037782363882143
2.108899805821923
2.093367864878835
2.078921527395452
2.0717934101083046
2.0387195243257734
2.038513012401121
1.9783756610699532
2.0606004591843883
2.061298417725212
2.0634066622103022
1.9925435786501418
2.0702184230114344
2.0039361589532403
2.064232430044662
1.9936340335396283
2.043942864241745
2.1425302972585802
2.024558548633416
2.0374040697733533
2.0130392577624336
1.9789437573290123
2.0600953279289436
2.0878943951056996
2.139737362371491
2.087664160175445
2.0771464676023967
2.066907880345068
2.0959974770550325
2.002687519791239
2.12154272004691
2.064548999365419
2.096807822335529
1.974488696469988
2.0710884562359135
2.0296479365102353
2.099420690001517
1.9694987541868052
2.0577782817427193
2.0548974548792907
2.0396667813871576
2.1300339164254387
2.072920011368207
2.058782984905802
2.0060427225545596
2.114403981545389
2.0763037815106618
2.0932003770644374
2.075009640350632
2.0741164616652887
2.032539209392092
2.073007311627669
2.0719888338445602
2.060182317488133
2.0801894685633213
2.0828933694124903
2.1372583493384725
2.0607153441613164
2.09082155016996
2.1634082023038306
2.0756721519100725
2.102419365787336
1.961480800376713
2.0790549782992382
1.9849365280190112
2.028264330555671
2.009273477005175
2.0766888225324855
2.070313814076542
2.1212942348138646
2.0708026410642497
2.0898783457933856
2.0877234780006493
2.100109533033566
2.108269375472273
2.0984089744491707
2.0626576799214322
2.114077970285998
1.9919844516385554
2.1175385314947013
2.007582298982004
2.0111714428956877
2.081155622023311
2.0840463624959304
2.0322286325098733
2.095481828832211
2.0805343579958264
2.087977267992484
2.0454911576166985
2.095394669590838
2.0316667375735618
2.0017363757941418
2.1134416723038703
2.076932470280888
2.167669661320169
2.1026319982953545
2.079054556587799
2.040061728993058
2.0405403708447785
2.0595253942828946
2.0809883755950245
2.045083160706958
2.0510399883262633
2.018204650875716
2.0799304213955283
2.0324160506357396
2.018381382461092
2.10494464636919
2.0066633943737444
2.156569604927689
2.069114993869793
2.021325949364805
2.1322985463124966
2.0940777154710677
2.0826475385306957
2.144086615077833
2.108073060139599
1.949225624894881
2.08763117335949
2.008485572367936
2.0813515423534827
1.9701436500513174
2.079549615754845
2.058790132209807
2.08356138747415
2.000255351991041
2.0105015805382895
2.0086901958063406
