125567875207
121843250355
120916103871
142687891905
141603067904
144784300584
123284785042
129413580664
134300854949
133520987370
130755731157
130252204105
124241402706
148008403714
135389785498
110050868240
152636067998
142689371767
130935162512
127514748888
146171230540
125073781833
133091697253
102745540998
131379549771
128182567882
119092237609
144446174403
133422248360
141430161637
117240691671
132745008713
144325675860
134339424317
131240577406
142331062002
122045772326
125689556156
131125934815
129732347547
134978020132
120952444140
127941858538
137920248149
139283908753
131599871449
136792164657
134287218912
133015226775
130439065568
137336287769
122560719148
133947974077
137660455399
121763043878
129038006352
124461243845
117104431352
138638081701
112183405640
