194894931729
191681576060
195589526388
190408387969
204928027365
181023310586
153345743704
159105152691
171203534440
167307911894
179478867482
193217594703
205178155873
167515794672
174923739237
164827544732
215718474404
209862102956
180749086359
199913957801
201683270748
196078411744
167279683498
177242671238
203968510963
169075807750
187980347507
175578522357
170907060615
182444650894
177280733798
205928647573
208211654384
218652268265
188163968064
197118845472
204260483986
206327328259
199732245580
206011306438
164926764526
201445530496
201256654310
192464375501
172898778522
213542487757
172186310091
171876988760
197202832360
171934863350
201002706844
172952153863
183052442741
198937107336
193782298904
191531256772
186200235679
167439185632
206230882508
178396834491
