702919365303
736088547218
730778643444
720614884307
722822456111
720010663742
715542586613
716189975275
723876460951
722103112482
721728935213
715156215264
723076643212
712541743541
714205371931
722096697079
730591924320
720314557648
716466413204
721134011582
721987706667
724601718981
732740471185
723162404227
731052423016
721500032736
721240858215
716624996376
718605216818
721201976968
727615134676
727405642361
729103215721
723259961710
726501105897
733394017518
727665050730
736784834445
736791626715
720875526282
716926943690
726054645873
723180920334
724185130330
707656986182
729498460037
725182088991
719284214313
727608509746
730351847763
716778449378
722652797641
709507216629
717225751914
714570695241
719378611268
718873946856
725819787063
729086835880
710891653790
