262976707225
262232799300
260190952061
262963891358
260157458070
259176601357
259523012203
266322879176
263785202713
262526977484
265105084801
265730300012
264111230284
268037616797
272682042412
265811851249
261455996640
258992362217
256738467694
266486985962
262709070655
263111391964
258456390495
254143179293
257158529427
248799875348
258397910331
262928490155
267288808016
262218022374
255252227459
266030321355
257448662765
251345387267
265233174415
245662092781
260377436287
267651047972
272480744479
260501859427
256772154438
263667382461
258550179817
266352240100
250399453397
255953571120
255429990556
260615254823
251639270342
262386733692
267719910922
263580601669
256254064857
256028803956
267714615196
258135993057
276184119338
255718237341
256306533127
270315207684
