114945038750
155438749456
150132063422
127847280547
153075965254
130345618726
134615524147
135629565796
125422149088
131904384027
129530532507
126119319906
155671584668
125350995892
124469583648
134616439295
125456728567
117763822020
124275874510
131795527532
119578547028
129211309238
132087600773
133992523869
141904237946
142187321071
121392115469
118263358806
136578428755
134471924115
146710670350
135360948734
119610871025
97173349400
151173774824
127945711537
119824338651
158768665533
124916719895
139881471680
148793470784
141459499869
136610920519
138706015839
106267775664
129704130334
131338845595
128371785879
147415264641
145311980588
130054885009
126988535956
121125471807
153179607801
148850402088
132256727542
160597983253
144434529285
131875171097
132711049294
