985374491
1078425307
1016949163
1045626469
1030241665
1028436470
999744399
977267007
1054814341
1044534031
1043021669
1032551145
1063794648
1028338737
1037071648
1005426857
1006139895
1008772718
1017179776
1041580932
1022185191
1009718936
1005353034
1033864093
1019565032
1009521838
1043668721
1018115860
1012367109
1045840358
1032943279
1043410681
993781477
1048557621
1093931074
1001275776
1019103055
1017447470
1035937606
1024713692
1033342914
1025477626
1044453875
1027108473
1006445761
1040707219
1047410220
1007876333
1086004624
1049185446
995239223
1011550447
1026685142
1036604602
1035328692
1054412440
1041420175
1028292983
1006606281
1053155339
1000537673
1032133843
1055231234
1059239777
992425834
1009143130
1032116105
990722325
1028194579
1038318341
1016741969
1023508027
1018536510
1024437102
1023874954
1053727273
1056302877
1003145651
987297569
1070562375
1039545350
1026572231
1022510862
1045584520
1044902484
1039883503
1031260881
1016214457
1046630389
1054092323
