15099253280
14771355104
15380365980
15552393906
15042870638
14988771016
15128694616
15550331975
14475169900
15048261496
15119215624
15144776824
14965244521
14911968546
14945096534
14808001042
15236358342
15388465882
14906034914
15566745107
14624565844
14847297515
15017274818
15565935075
15220606901
14949878920
15263750297
15386307180
14522031054
14865905304
15011368343
15171860143
15722618317
14716329910
15308687262
15128211965
15133384837
15185210833
15815861052
15117151537
14876467694
14674633863
14969678860
15260108710
15509707487
14873229711
14835301487
14763669857
14958697018
14517558643
15056973224
14971540448
14841056412
14978539960
14653773199
15384232444
14644340413
15547400912
15064763534
14628202538
