719467247434
717694994151
738985573383
721277613266
717851238933
710915805219
726622263011
713535892019
727770980779
708364438651
723085769976
720361419497
719734055721
718171846216
728554479807
711181609817
725929363082
721008678448
722161298173
717798871824
722614075728
725556183842
721328267685
719020550672
730601638899
720716860629
736575025575
727601228898
726113006419
729144582648
717400636297
724444309195
711623654393
715714259609
725626932489
719819784654
716504092218
720765161603
731341668607
712439577212
716154219658
721765217989
723742186912
720920439299
715525541738
723966517232
707764367545
714685121724
725185138335
723291750687
710114119226
719445356758
714191862916
721846936747
723516749732
721187740586
720903201386
717188990107
732094635032
710164836749
