54350146786
51571021335
47580238393
50331453064
52173016937
50765573698
49515932334
45316117548
51274577803
48386799660
52895973721
51166325042
46421039502
49316979020
49157700008
48119115980
49412319936
46871133742
50902308885
51563887898
52265204882
49494029491
51243027781
50054784788
49775698804
48446506196
49794393911
49672062101
46268191391
50990687094
50080130698
49862900683
50557551601
50269720259
48613884171
49719420457
47670989098
46512202811
51308031238
51373217053
49370716895
51003472987
50539453403
49666236861
51675673147
52923225259
51140979014
50938192470
52264495449
49406929920
51293698775
47959348723
50040918280
50392363840
50496960721
51897262165
50010915134
49521468339
46457068602
51136150502
