1002316809676
1001162768187
1015168850080
952000995834
949691464802
965153790345
963395152824
943268629864
968372180296
971137443335
948711482595
959398837232
938608284729
941964612104
950833108541
943286960454
936602451280
945643860612
930854757837
939208567539
942645710095
933541870078
953608049909
949172951073
948550318989
932794975089
960403809788
944812404301
958602557721
951881160106
734529411323
773092484380
746703349661
746210844475
730836106585
712582283740
728632794659
724802216691
713856002724
688429058949
720355044225
724291686771
739012477007
748379165139
733827690801
714209144328
764754398183
726831942854
736869535440
740128014528
706527645408
737543479926
741892020238
725464367259
745461702790
721214211773
716319525252
723905064531
722787975623
728793763892
925066669187
914465362961
935809295912
1000612013500
1021496203463
1034629526524
1020343268967
1027024516633
1040706370521
1040038500753
1014584033157
1020100940747
1021943434759
1030962829705
1037949277408
1026839563782
1017895914277
1023296023370
1021951199445
1037313059702
1023374006014
1025595885852
1010964011306
1015572721536
1025102290484
1029448577742
1020216147025
1024338315322
1009043068133
1033134501088
957865058461
942486670081
981276406114
1007280500059
1010873772416
1024196096478
1004925884686
1019879695729
1012022972940
1033220811372
1025058174357
1023017996628
1021849042913
1018160482684
1009877837300
1024989282475
1013341331616
1015968692760
1012908756707
1007594600223
991615008849
999425543251
1023751062020
1017620823295
1013288468185
1006682362540
976922553212
1004208520554
1011009324711
1000954112293
8125851768985
7876770589018
7508879061129
7469343284236
7447916836746
7591840265424
7505270711553
7527985863105
7441496664049
7550780857747
7525010301292
7507716094916
7648088988642
7564455352839
7451105476183
7607240652934
7580933990775
7546890930451
7453828510636
7448454507612
7394040239938
7494251569224
7547050619905
7436749080296
7549784984709
7446946908094
7599962141274
7490600051179
7483414989117
7459876840958
