3031890040
2987353791
3004213806
2847404755
2781249735
2879634961
2953955018
2780550963
2826325659
2859039312
2800400907
2935531321
2790554324
2792701877
2819327102
2804683861
2800891247
2778081741
2779028924
2747644902
2771990174
2825196908
2799551201
2888215478
2816510935
2800059632
2859528557
2806704132
2821758767
2776411926
2253445878
2272263458
2283941074
2241367800
2178520089
2195933226
2265424435
2239015826
2152425822
2151525238
2181816333
2239080320
2184498053
2262776995
2256999426
2195800303
2327653859
2247785148
2177749533
2258284763
2216911120
2245170639
2260506298
2210464675
2223819124
2196666153
2188610532
2202068170
2229746359
2280592508
