258222643280
253226120057
269905589058
269913819356
269688302882
260073971532
263737365135
261884170921
259290895655
251553292861
260013094723
267686887815
260379383424
258287296623
272223558268
264861216931
250008203102
256277615420
264542891083
266331169872
269127833697
257022253097
257097623293
258117934295
269651820983
263047387574
266838758747
254638405729
261644265493
254685357601
267789993324
261170416410
257723228586
258300519725
265691387374
271461875192
263829711554
258875064912
253594890671
261505103408
260416089480
260145229904
263794654540
252610559435
254191509443
252570099465
260754924590
268677944193
259732171894
263116806507
242308795940
257834708230
255937036268
256459583274
250392185314
272727175649
269979088591
266193282408
258743109740
260708452125
