329830456278
321035423752
314733171282
314591045231
334643798454
306541364731
279802055773
278832446399
296400955856
293869188330
311496446826
317305785096
324007365281
294404110344
299214167114
289780023950
340634178784
329615487644
307402393881
328477760564
333970160716
319091872586
295098691685
301488253787
328602396873
292023094432
313196757969
299613380382
292195034837
307427892615
303804122764
331765459816
337365603832
345057177426
313954803567
323376103012
324742509529
329044156222
327636802521
331589112351
289949943769
329734466583
327501621240
317864182128
302202743974
343651599822
299840757591
298842161443
327224330869
296144487570
327173535624
296413786989
310758304909
323593237275
319076518334
318592478036
314723355293
292705288180
327900692488
308181911259
