207627866403
188053622237
199677178171
211054291179
174581192065
155473214963
169160226973
173563605975
216624206665
175943937726
152981989114
180048654307
194231625440
159897330364
176149914838
184022800614
181833820158
191938921971
176052005650
176182522444
193452148969
174036131702
181884557547
201692788017
168256119793
191659594993
189916836079
191798662361
188908460790
202238638473
175390255773
180335346936
187993804046
176349010390
187047320547
184009401986
182103639751
184448324541
183485942167
175686430573
184803924898
173605020824
185795493773
197174175161
193549658607
189622988801
195942795761
161768911248
190760915964
208803357140
174896445633
177020723281
181769676664
177813114727
184615278402
196438440319
187890642193
213336231882
195881427333
204640674933
