15249569089
15669364124
16061596301
14797141991
15503522977
15301142957
15689716552
15387873123
15526585208
15613048956
15233289705
15079792371
15227700526
15252939643
15938932006
16096833228
15549473363
15435471337
15013132544
15295703182
15359879111
16002317826
15707305909
15594203455
16360910106
15797129546
15585592838
15065339076
15699537662
15673164949
15480416271
16419084231
16278221256
15540680882
16656243455
15125679123
15461073069
15453294583
15373846431
15312410797
15190294694
15023677566
15312178062
15373738561
15288692305
15558049717
14829316284
14853822843
15285865721
15741064306
15796313021
15080222366
14873330069
15089083532
15657406498
15042123605
15604855560
15806055349
15563416811
15640161967
