132755656345
134903247550
137072045970
133943178501
133565522540
132651375635
131966165122
131543370727
136834676000
136187213818
134167342964
135440826830
135373207951
136447950744
136121188639
132950274074
134303873881
137084604388
134434539390
131378169610
135211917888
133458492961
136094577119
133122646655
139052030479
136672968206
137060781328
136003246208
135064215086
137234975963
135322757956
135006371663
135407098364
135430909187
136287763053
135146205414
134648906732
139690583503
135116441470
133774300941
135849165115
131044658644
134630149775
135176084352
133205510029
134504897501
134806187688
138707361340
136703293582
132368005541
133925202805
134618858383
137494427982
136957410460
133133724991
131537130681
133767206589
134355306136
137009872127
136479685628
112851235137
112989051259
112908183142
115741221143
114026376572
112194298790
113980509501
114667861983
114466461825
111087195738
115122018215
110888195604
113313427609
115016646685
113397906299
116024752741
118402052324
112360349235
112882698438
114895252649
115474984334
113675392471
113239629064
112893396433
113093347947
112807486328
116852195512
114516869668
110000079188
114016065543
