2807960243
2896391745
2928350657
2854973009
2806452671
2795775562
2844631790
2927269550
2935309938
2854832579
2800908537
2839415948
2825175019
2844339428
2879326555
2907075611
2909890889
2842666797
2808274478
2792460852
2929774775
2881832799
2908531307
2880592092
2871335563
2883212770
2756765760
2823159598
2818012611
2936570577
2865095404
2931164130
2956209893
2936659749
2917206678
2879483159
2871132865
2880069335
2781189972
2834027154
2750887602
2766432404
2849533161
2842854135
2786183015
2845260449
2806228031
2888222792
2869212310
2832391056
2893722419
2888836711
2842609447
2864253161
2802713627
2856233554
2828413141
2875437775
2896326043
2846586875
