413700711085
401380571327
403851409683
382445426086
386376347763
396581249366
404846296811
401705870286
393557144229
401595358865
392517730807
392161544156
375865601228
389888811423
391158314848
399706208356
399308553302
389352220969
385033016341
387163138105
383868525734
408819032972
412747871507
410538551191
411314888256
397541262780
404413845062
411725504575
413006554763
406292695624
385809582789
434872233772
420973260058
436579313718
447695854057
425053714767
431636599323
430387387085
423538627139
416585009807
395730286746
380844779791
397806340131
400508961581
399053463557
405311808850
393006926781
408495771314
407332747314
396283494554
411675973077
400350486695
406285932803
408128560181
400997022958
409419509261
392737136026
407402754126
417866281065
408751665254
