2707921137
2696270837
2668651023
2677744194
2713689266
2708590615
2704131086
2695061266
2711726091
2687418312
2768011862
2680296148
2758641647
2664080657
2697981022
2695624652
2671976784
2743469183
2717012950
2683882832
2679481603
2761340252
2751195265
2738114029
2755886381
2778208123
2779916190
2619160390
2702101979
2792012273
2681003962
2741902054
2732062051
2732528247
2646819538
2716511021
2772423878
2776385957
2743976900
2679485553
2721698729
2735674867
2769243245
2669452772
2676659034
2704972978
2736282848
2676687138
2727009455
2687098837
2665161512
2758987421
2755085737
2726511398
2712588173
2745161006
2744411729
2678406542
2721311564
2688033723
