2625551150
2624248554
2695536395
2653767334
2663350599
2657721314
2648403681
2735840710
2662861860
2635057655
2670416101
2611655326
2617689129
2682005567
2666587703
2588658623
2703246166
2694126056
2675987685
2669906011
2706836657
2718190604
2649813217
2651528130
2675329761
2652233818
2670443881
2718895020
2653951449
2702459123
2685258199
2668366253
2668393138
2657048964
2680544891
2673838725
2617942164
2689880277
2708892543
2657440239
2609390192
2664859305
2644627306
2633678264
2636025394
2681143837
2603976009
2640193308
2715580691
2634569495
2611318342
2669165673
2615755666
2646828641
2614199673
2649142230
2638608140
2654681696
2726103991
2602521238
