302930802081
305077469663
315658691376
312310327841
305921345741
269090385997
323954883276
298227857036
316233102783
305244752626
300844353063
328098688206
296800014675
312356795190
294109449476
306990575952
312674926005
291364374202
305155459076
312487245965
279551341096
323504017321
296829306774
301499430240
284560285481
274574579787
330599783559
294779407881
329047252121
324408195180
306216675120
290922409847
283340184924
306960648623
301121846780
319471710211
329621309215
327552357449
311766992904
323856945349
297132177512
341509151181
313700448306
300818932266
280801861036
299952560690
310557141076
308655286334
310007428644
286126643932
323937969346
280549760604
305834984794
290430411687
304448490385
284262346796
323183603313
298786237542
290235024178
345901881262
