341470335265
316387861523
304280746513
334791725980
290763504399
348654132602
333397212444
330651000243
306197997704
309469421671
297293994751
320051114084
312351054095
321875427588
315973019776
300275814015
314813324646
336664472017
330108253320
290545174973
315930647589
328240336188
352800447683
304363036266
319453389282
301200542746
287064183664
326275995179
367241656343
331075897929
322365482330
322366355259
315748814439
299579156104
335298876974
295361045415
309338703072
332083834757
342684751074
312560493165
315312716421
324519393078
337713234773
335562691884
303250395507
345729863553
326222855887
291891126472
303288822206
319258958877
309917367546
320956817908
323510102855
317944198872
326440159956
310872178226
318155346806
326166608937
302568595529
343604020221
