25.902128023585604
25.44423341071873
25.420064764067803
26.36905683631312
25.6507794187154
25.56228807918659
25.704184560904903
25.195080423822237
26.18475609830993
25.16539495477338
25.544982774654596
25.771374574776278
24.86570268546432
26.549896603875816
26.1516595334458
25.32665194779471
25.7135625919259
26.125004029693137
25.79725544939848
25.789957354142253
26.32034043256531
25.29692261660852
25.223397556526812
24.245430532325695
25.7947275054823
25.813174464527705
26.399947642325287
26.471004590761655
26.14839434218868
26.176955423101454
