0.770130462492197
0.8288333124971573
0.8551015962815238
0.7854551679503248
0.8947390375134533
0.7433630555954388
0.7784198623034123
0.8054500938460057
0.8614857206479833
0.8483131421077686
0.8917270092288276
0.8302745665251986
0.8455589530479762
0.8327371207102137
0.8629915383449831
0.8852256453652362
0.8305112146507806
0.7692892590220274
0.7777402264617816
0.9171963911868931
0.8315403163948915
0.8015815332741515
0.7325852112501555
0.8350001445999834
0.8049954642991478
0.826027314159958
0.9001398468902934
0.8058468720959794
0.7278281300592844
0.7920178545592385
