49359232912
50247165903
48864994955
51467349086
51951830177
46727747801
48544995060
51266445655
50318364483
52824772439
53962224072
50471278127
51912044099
47586046472
50402251139
49382198601
50804571602
49912377380
51649179865
49001856855
49445544283
49410986702
52009060681
47122578063
49594102956
48940753364
50615217851
48902479412
52645973857
45750885816
51003997033
49155547867
49022303353
48403133850
47283430974
49738633274
50400661357
51320937013
52546884326
50613784841
50097604357
48830341338
51394938819
49713865098
52529050575
49494032389
46581163295
51173282469
51505023072
49472838071
46054130384
50382166794
50600915175
51831879341
52193253648
49466010625
51712664558
47545093082
48402937229
49351494252
