46413564421
54690724834
48037074801
51203032203
49999930975
48950276151
48306390013
46591832710
52003343889
50403744397
50990459522
50053207045
53110479738
49249638415
49864994708
47565445210
48554880451
46274672397
50331250427
53187330091
48731666293
46769962636
49179434336
49295015725
49592676518
48791845133
49753742349
50655664576
48939798011
53200793839
50547761596
52229737562
47698188100
48622038089
53624755345
47524295346
47545125330
49326505152
49146121337
50327866745
51340159437
50519585761
52247980471
49862650856
48169915016
51106105322
51482154526
49331067977
54648385955
50127410652
46981164538
48281085268
48026875926
49445677495
49907357155
52220483082
51724085607
50135591576
49188716101
51076061719
