2453344174
2438145784
2394834355
2391613938
2324749819
2341461302
2402897005
2419051614
2323392972
2416240136
2453783892
2418339554
2157229250
2500209304
2344099974
2396161170
2395249868
2421282235
2423877080
2281438195
2305635924
2480987051
2415493347
2482667313
2421135438
2326571011
2345956458
2497219563
2408472988
2297526809
2274105995
2384742231
2358899489
2395453028
2392863590
2319773718
2257146499
2333451026
2350915994
2465783338
2511057501
2321876581
2297000617
2407315311
2390939603
2374564662
2413183766
2264275617
2264399198
2346918228
2348861437
2361064460
2480467493
2236143820
2380334244
2404907720
2313172120
2345859843
2293759062
2526404844
