0.6971444169264835
0.7084737214660242
0.6969278094348396
0.7112647156873565
0.7279165387690142
0.7179532358531143
0.7063635039312486
0.7061126132796617
0.7114814108131093
0.7157568520667122
0.7053635424493853
0.7346218488587374
0.7282087278498698
0.7279875756746784
0.7343823496651916
0.7156637613126308
0.7248952906676625
0.7104374797313253
0.7199077983541167
0.718247051099352
0.7262049108354025
0.7270640780833411
0.7059322687145376
0.7153738586794968
0.7266852571099093
0.7177887378113454
0.7164663290772723
0.7349731597655346
0.7119185011703189
0.6970057146144971
0.7481762041633558
0.6855037554116297
0.6880754218222078
0.6920974297511899
0.6815270219405986
0.6945104876853899
0.6989239022554231
0.6996942814012367
0.6822745611190982
0.7175968346103987
0.721666924913278
0.72432592000275
0.7244952630830461
0.7287955658358686
0.7142107760075344
0.7123094450841322
0.6991888244235487
0.719873947969983
0.718563123856514
0.7152156249829272
0.7221156562419088
0.7064521737572396
0.6957498337831233
0.7059598315345205
0.7072486228821442
0.7110375651749382
0.7105258403864185
0.7144247438682433
0.710247715927552
0.6952377278250835
