15.566138319199593
15.16662015219814
15.568202247364477
14.84333426242742
14.798493097590814
15.055986456299756
15.306598360812549
14.745780482430604
15.349915938083791
15.572583525299807
15.06118942977221
15.13410576638043
15.77013612899113
14.995269612122286
15.061417738041548
16.377547487835482
14.744082796620111
14.993189011192237
15.269622819497828
15.320271409687274
14.746740260717726
15.037079382555815
15.323039445712341
15.1262666505978
15.135629138827083
14.97333531239566
15.070607430542735
15.43953656507365
15.174477240334264
15.12474947407236
