2.060906997304001
2.0809779676537827
2.0795935789160525
2.0283116511099446
2.017168158074837
2.080292474246891
2.0220567353906427
2.0778381990430703
2.046800722920045
2.0352969460130566
2.050583695710137
2.0075719408447252
2.012916103088483
2.04290391293913
2.0338564522648324
1.99069676837072
2.0475072698707772
2.10725584580025
2.086881410700828
2.032509023024937
2.082021020392445
2.065113803587341
2.056861786399099
2.108913019562111
2.042103616895356
2.114998921434912
2.024815523702396
2.0820081915707322
2.0928773288114173
2.074445714164406
