0.8493585393668992
0.8312308463010775
0.802856341871237
0.8425627800160936
0.7952442664243223
0.8582578979964788
0.9267123440199585
0.8741399333068224
0.9056103160591962
0.8712088468781596
0.871891446821893
0.837623751059528
0.774830713793412
0.8851480237538433
0.8686703313181411
0.8768036253625273
0.7615760542118131
0.7694309178151162
0.8651647077574633
0.8127357985229107
0.817447106324433
0.8035230668305318
0.905609852365144
0.8746305372689455
0.7941475132844412
0.8878198228612078
0.8302308464595829
0.8608273017819297
0.8571696307218863
0.8679865117514721
