15471393992
15336767261
14791959868
14784554878
15365689322
15275443217
15080825795
15583125311
14670421929
15452957202
14524218652
14693904331
14926357738
14902012944
14817494214
14896613109
15260243992
14998402290
14898606680
15468904314
14964605570
15325846462
15849829499
15422719530
15295373743
14907464815
15679145288
15285283562
15393897596
15071789841
14875030691
15621765200
15540788767
15087179873
15300728003
15569744424
15571323459
15743481911
15429480295
15195005269
15057496839
14835954624
15189361756
15289406855
15415102471
15706146613
15112493403
15367859749
15184044110
15776280440
15132035914
15128316664
15114361196
15599214435
15035421544
15229755126
14726598521
15209534903
15433190092
15502983100
