766039928
785493386
816550420
789061802
789735126
748384231
826129281
779670072
804006059
778544310
820107216
789224939
789807403
771325490
779495779
827669036
792835269
738185507
762912612
788382136
747357299
783837272
783563054
790109564
774552510
774500890
840580741
812933916
778265684
841105931
803510720
760268515
764283744
777586017
771866782
793784771
803013993
800314489
779541463
820593936
763137663
830775811
782523886
754457000
712478509
795610763
788018391
804442028
765317053
749634169
805877746
769110742
766947526
763212132
777704236
760126881
807577791
760649498
759303483
788762265
