966412146903
975108929179
1006405608977
962840837792
974082082107
971773669645
979612245164
986922815599
986498566808
970650293075
961456512183
965945816327
967385096956
966589840595
995088407527
988810876454
989037668222
966254297620
971521961509
966396978605
982401723510
1007127635466
987758865307
984090376261
1002201602533
991866860446
965007000967
995763641275
997036226601
1000790467664
1019059485738
1028646400705
1039583695875
1015483052041
1037304228758
1006935401191
989866932889
1022587984075
989958574114
969853805289
957261751910
966860785916
983134262531
984491782116
957610848070
993661808891
963186560217
980360311473
1000739982259
979427879014
984877569484
978173271341
973731919301
986545486024
982112525449
983102357595
983108460421
984210821679
1000329136206
973568078378
