2259148758
2205952742
2258342777
2363644139
2256764701
2221533769
2205368985
2223921798
2278850608
2243302384
2217321280
2090737591
2201831500
2162025892
2243202701
2258366433
2210882351
2345411419
2241714346
2263846768
2237931076
2270890151
2197229709
2292999987
2196331284
2236114712
2302063200
2260783683
2161513089
2252430903
2306239336
2383765067
2353630693
2332695982
2301423308
2210641227
2281831550
2290687797
2162261366
2239310599
2234268028
2230437513
2326699963
2313163880
2221958698
2277723944
2178132898
2223874188
2343386764
2220370894
2175667439
2200108530
2253894027
2345343382
2223124134
2173446947
2195492766
2214133099
2313416708
2261752558
