3077287622
3026568838
2910829014
3013759586
2981261983
3020308961
3019963236
2919908127
3042452532
2993310899
2905001543
2970270489
2937825249
3012930502
3040947418
3042664207
3017848467
2948747475
3035793264
3107974947
3038078869
3036348265
3076118708
3008646789
3009574131
3011149330
2963166253
3037713868
3051155231
3072333348
2230286553
2135411809
2185344962
2116004915
2191676709
2177780977
2093369306
2155580520
2169300571
2071580757
2116456664
2087191425
2120601151
2181994610
2129599388
2142038656
2091433832
2142192533
2113242909
2095942697
2131281563
2171035198
2141955213
2154428263
2061107426
2162383551
2111427000
2089827074
2158091794
2134666278
3825132532
3786600006
3857031526
3815930818
3874542324
3820408799
3842221350
3727056212
3832780714
3815505505
3741709163
3837172952
3924660512
3818994894
3784021717
3822904744
3764897272
3851687735
3770580571
3793702678
3813756110
3875000303
3784157332
3801767721
3820159907
3814419420
3802952264
3831741397
3855456579
3828897349
2301987065
2279381059
2249595241
2298026243
2309075416
2254925046
2315791543
2327543353
2205525991
2312398239
2248623830
2240019464
2286852088
2317982124
2311845440
2244352160
2295655732
2281088957
2210229254
2306174630
2254629123
2269148432
2299527361
2330778736
2309125767
2276142532
2253043854
2244387953
2252429300
2254295627
3018646091
3023460396
3011647850
2964907115
3042122195
3019618946
3022132373
3041732054
3056119497
3065517501
3059338457
2963544767
3125753939
2966436432
3057145108
3047704104
2974618703
3074994318
3026289429
3030143715
2983392741
3118888121
2998486794
3058455024
3090717928
3060354695
2972670870
3017072438
3002015634
3048983458
2251993899
2290604375
2303787285
2361993140
2357746517
2336997466
2295607222
2327411952
2285596774
2245633423
2331375144
2313758309
2338781355
2263682367
2338301853
2301331528
2329289676
2274784626
2248745959
2339734213
2235723116
2278826158
2296880653
2317689721
2287240971
2309380306
2272722045
2281268181
2213151355
2321851030
2146081479
2045037889
2164075433
2173220965
2167613925
2170721657
2177940003
2147294078
2159748018
2132113677
2090550497
2101400622
2113990471
2192052994
2207021473
2142931077
2162743189
2142213713
2107034697
2093903212
2069767697
2111151280
2150127593
2177661096
2109355914
2177620980
2101380775
2113715441
2173731274
2057915050
3893799675
3780508166
3917647173
3850596661
3765709586
3855728165
3893852934
3979306412
3830130639
3887470333
3844114866
3835883204
3875975046
3892377108
3793882242
3806653759
3741623425
3855462448
3838121036
3837375657
3829602450
3789739048
3836571753
3828434397
3945128425
3803563967
3859015964
3919067132
3828277399
3860537702
