254772859603
260019048736
268512705082
260840160066
257952434637
247197010901
259856393541
265399766595
245633910178
259167316684
259708551186
265514853618
260785376247
260130704132
264422212900
251622336046
267396506041
261716476733
265190148420
258588145249
255794183293
259350178682
258046054906
263749452260
260638489681
248799442842
263694621705
251692495770
262209813274
258399372753
263085311279
252976776279
252571571836
265191553714
255959134458
263931165940
255931888582
258694256539
255380573892
261253680296
254177089689
266807866070
255463278385
261919497557
255305556126
255387124353
261023783107
268272625544
264999240153
258578631061
267536791960
255583532825
268396723004
263807781653
257920018146
252191795981
264352125991
256678422268
264339285916
258454776374
