450843930155
430973046444
449633772601
446393765370
426337796959
421064558870
435495927772
443475508261
446061164498
434563201997
437475508226
410596796930
425729324524
407446166117
418484942698
424192398709
411067911580
430336073603
418576772276
416143821589
418313039888
418599364880
428514075714
430626049373
423112317603
430120170573
427090617445
417523356913
435279533429
444915259182
414118731099
463065306487
447738889046
454517742233
460748350650
453810059817
453682791630
458572014919
460667929272
439539126574
418783700085
419583550023
421104972505
422004384972
433022588338
438495848123
444272650456
433195639653
439435437905
440743760523
432518311908
438669890320
436378516017
428470050552
429211267859
438858526643
434052084474
440003963118
437190219942
444762378330
