260914987749
295922602782
287762936328
293213243438
267492757977
279716876407
295517662923
299507463700
296557555410
309246944789
274114925425
288750111929
287485863460
289420030437
275506713760
295987944020
299852325148
281852482677
278682839623
290362039116
290804612694
275807365442
275373965299
276093658032
279123252308
285675044617
290482017439
265517914368
297506895444
289203016573
266233486706
296995650998
303832877467
285755248470
298381311290
283429834849
281048447220
294198871170
286604841781
285485038935
260108592145
301492462396
283517541693
283768795959
276842803600
283203026096
290109349515
276679532425
300243166865
296133637220
278096896329
271688604466
288397511152
279160805384
292367639057
281091324431
267417075061
280894654410
275718856296
282690731376
