18821364381
18509814637
18043920132
18087414822
18596445798
18372343841
18109058001
18791279949
17975386037
18766906080
17634887164
17943580884
18117563126
18197996065
18062283018
18073973645
18617008636
18141133593
18067262898
18685409301
18417492214
18591348493
19258989746
18887720327
18751692279
18318900203
18818538743
18587973141
18684448638
18496030375
17928168874
18991990970
18736084989
18538002334
18519302828
18999421809
19051680070
19111041097
18743476370
18592685035
18171285135
18037265934
18265121234
18404522981
18422976959
18907686372
18323375465
18543031460
18541851629
18891079253
18184469589
18479327263
18405035344
18947027230
18100641423
18424058769
17652545191
18356667426
18756070007
18792233512
