3013320526
3059937697
3070287691
3057329514
3033938923
2892665951
3046824712
2989272804
2855152799
3093369995
2881419198
3087499355
2979170263
3073958379
2975706616
3030110972
3070885423
3067301597
2926241388
3123566814
3012100314
2885493474
3024385561
2983718421
2914125509
2992975835
2985225519
2927525371
3138553709
2862061443
3018875471
2951598385
3102988710
3018173663
3017228737
3027487732
3026405150
3003875648
2973137740
2940940426
2906780119
2999677884
2878732939
2986452716
2980863153
2987095899
3007037019
2982021356
3091865101
2932103808
2991566083
2912915382
2983080883
2950622389
3075613253
2922008598
2957229421
2880425327
3048921300
2947736205
