2894980386
2916453890
2952996170
2912238586
2921559209
2948180722
3003911719
2998065397
3003605614
2981872509
2949793639
2912840108
2933177868
2826883312
2989845852
2956507089
2932691455
2974882617
2971149554
2980736356
2989750873
3122230248
3041762222
3044030971
3031519306
3035736865
2944572733
2987558753
2921645118
3088009351
3014156684
2985530255
3103769091
2988232022
2961623169
3029174237
3024984386
3102055085
3001747924
2795939718
2894505394
2903232451
3033579267
2849629573
2901142852
3022018217
2998401628
3041292253
2977043016
2967750706
3023916113
2960539357
3005182234
2957123031
2917229882
2915443614
2973373230
2863360599
2911950043
2958652380
