48411660417
49128755329
51374216694
49327488683
48955504946
45593667459
49552031471
50944245092
46018101490
49431736273
48862745803
51845137020
49202332759
49402184969
50850710883
46138716366
51342121049
49722747330
50481383348
49263484415
47988595950
49352686928
48356115113
50943876730
49670811925
46673577309
50976964459
47368562817
49750892538
49225748023
51278133672
47902821506
48846864496
52086259896
49034754340
50933211660
48928040768
49527303005
48293314881
49914048928
48604679045
51847805956
48976732929
49704760408
49332804160
48237604374
48172870722
51318559758
51616519766
49210443350
52196718895
48572547617
52161144233
51120264472
49604976870
47867556770
49893561880
48686999227
50536148301
48627026290
