998433927123
979151350298
979270756599
958752904178
957976464750
970101213495
984688167261
986208256075
970053314272
978915191948
971007529733
960617731104
940936739755
961833608464
966830107151
974668257115
983380589317
962340105107
958904662560
957954268760
945999584355
994293769562
999074452047
996188338127
999519271393
973184265284
993057939274
1001075201011
997342645189
980353236984
947783694980
1028618856084
1002834644564
1025373352319
1041102533696
1015810962845
1020671916083
1016971375267
1011647371414
1000515862725
972349585291
944803373109
981320417154
973985076387
976181941443
973946438900
959885435070
992668888737
996864634144
969689693953
993369095725
974958103519
988106026591
991042238489
983063702963
982532551330
958110513262
988307231867
994225461534
993398734158
