1032042640359
1015962692840
1014217269531
1016207281033
1019597637348
1023161383136
1007442200080
1002783946648
1017067548739
988222268253
993322678588
992834003165
1010232290001
1003420621914
1006025106120
1005763689039
1015717182384
999500841435
1015557048235
1009947597090
1012151042303
1032755759548
1021784487432
1018372285478
1011425529682
1005216374582
975297843778
999927860186
1008640542814
1002751765036
716957924085
696172401110
693911094977
677338592276
714968992872
729899519530
673366903005
706772749215
679101536356
696395473190
680870374380
664774076271
691915549569
698430219521
686775038644
695087202130
659806557931
687348042989
676045090869
672779903520
709592753704
686852396945
684877795998
696911516379
660584983250
696574105582
666944557627
673279300579
702792514670
673480283368
1237690557396
1241439410541
1216890492301
1232015587829
1235038500399
1230899884744
1223951837183
1225525889527
1236981328418
1238402595972
1229093171710
1223187387189
1240081969961
1229811745861
1235470858968
1250465690411
1235004674367
1246401643922
1242261877853
1236115632199
1222607784105
1243398759303
1225438397703
1230963522686
1219373217117
1226543929314
1220402941034
1240020884864
1239231146553
1240145555788
721355196333
737084124716
712562709177
709365730232
729744408870
719349050091
716651846900
713049483112
693015573785
719638777139
715719804918
708614885818
721189757757
726846619315
698296274563
715942201307
739341069183
709998846607
709743799015
725334891528
727542231467
715700607890
708084070468
726137210580
715088335884
740336875222
694399252540
707051958808
714171387972
731293953351
1031414476462
1036926852243
1040283620947
1004601816905
1014552504819
1011867483927
1026146289345
1016455808210
1033998021395
1037875552234
1006607157958
1018722799306
1028271953342
1030794351074
1029691553212
1027284334901
1008891938990
1025971104777
1015318023912
1026398819837
1008594878722
1019624473468
1021767247803
1029576052506
1013561490548
1012506048992
996838314882
1012457242218
1020224218355
1019371205856
771615879415
762757524389
764654036737
783726482462
770913433928
780404676084
764758486707
777481127541
785349308844
735887680476
774280206952
775411735482
775034874643
764022306192
747109975338
761582573160
768784285325
766486278543
752427420886
785690870690
764817840805
772676182755
765524528721
755313709398
764244220212
767145211264
752550663579
754833566344
731672197729
768325698333
