726269456660
726430688983
716729911850
715438324581
707021667206
709107507201
714858843215
721653000607
715448191316
722686380463
721765974523
722359124143
713049885331
716625904204
711809915283
719129918274
727869135784
717069944659
722869839461
705179127996
701979233938
732961147190
718447869538
724661483447
734208458020
727991334418
732620966244
724094431180
728660763493
714755164120
714850401436
708682033531
718253200598
727584477520
727619573422
729888023580
719071072790
718082086957
716155388363
722264942978
724680046502
716512006981
713936903584
717099838894
709702862898
719280479140
721934461892
719144554983
720449698869
720909921471
724388060517
718639356433
726718211089
719395730545
721032601157
708258254034
712916672130
725087054717
722719332909
728662409440
