814160759
827068254
808755153
804154514
836013842
826076845
821474880
844581279
812385942
844139803
802500894
839129898
824726107
880917668
795796207
844995543
858333843
838595974
851594176
803563183
822444465
802339090
888099779
834074544
821705291
833747129
813025260
809611208
861407947
831025011
832528742
781268722
871199511
786168673
839952862
822615984
828110328
849679736
867467610
841495138
824290408
819667782
863945859
847126079
893195585
768874084
772616599
822533075
906727488
827367776
791294301
852619955
866052918
809545410
805990442
851462925
759895250
819929974
825023499
791093954
