136436258696
136712577367
134058992813
133387757538
131182879639
131932245000
134201248321
135494181573
134787634784
135640247673
136102933614
135939797914
133623008811
133876929338
132853748721
135754348852
136035680161
134150294943
136049269472
131125513353
131319713554
138160057809
134406467382
136857119566
137569990969
137499655427
138430591464
136099007789
136978723108
134172900131
134378364836
131680124354
134847304890
136797241354
136611813314
138315424660
134404356072
134326915588
134524054169
136209797228
135743110618
134144488151
132945347487
134504101178
132461987828
134960311046
136085768707
134940481624
135416885894
134543686387
135593455921
134783685283
137356753104
135410713331
134675747966
131459948654
133611098167
136529358350
135905667279
137647579119
