0.7123135897595079
0.7128505819140901
0.7030245681161774
0.7170779612927576
0.7079794881003859
0.7112236904481309
0.7233850561621592
0.7241379077101406
0.7283231508373417
0.721146570963072
0.7168039298167713
0.7277891169163702
0.7214317302303598
0.7142127203953581
0.7049028566454202
0.7202202823370286
0.7185553931360735
0.7236397075189822
0.7161806984344788
0.7153681819331235
0.7230964258967801
0.7195520707173181
0.7082593901996008
0.7196224021179254
0.7227911845015892
0.7257371555684796
0.732972198431026
0.7251044833115566
0.7223982767261875
0.7312729670066193
0.7713107686992223
0.7969350398341016
0.782155578241604
0.8009903587066344
0.7786952113050208
0.7710695945236444
0.8275858755235882
0.7918504864959814
0.8211681306691436
0.7937470900592544
0.7965505591660694
0.8120224069160933
0.7977048444377508
0.7989990697348699
0.7829495818436845
0.8046730483283916
0.8174673174321575
0.7918327846838871
0.8181119532767566
0.8159592304122396
0.7857085279193391
0.8087088003384794
0.8190468240974162
0.7901324159328998
0.8140718891281276
0.7971556818984182
0.8356744603780193
0.8101129218928083
0.7979506066201113
0.8227290535664215
0.7360254225293681
0.7415979231638824
0.7354721781601552
0.7325087123128664
0.7447652892244563
0.7460407070116726
0.7342057546947742
0.7406534318286243
0.736484729226365
0.7368198015612291
0.7493166067757651
0.742413017708532
0.7439744533040948
0.7418968375344528
0.7382763471814311
0.7315629998159546
0.7440475708652537
0.728794637374408
0.7283994571932559
0.7417623567698635
0.7422363926721615
0.7412262134985841
0.740508433039105
0.7300397174248618
0.7450016716693514
0.7311361431999908
0.7467670081242536
0.7361759084373163
0.7323601343352654
0.7431052324841281
