127418659608
129584387046
128221653551
117933059582
136360359695
131464790892
142290557998
130909947150
124031618348
130545168147
125378870041
141617585052
132404632444
149832069324
122110340647
127207766868
137726144173
130957671973
136603050860
119078595515
130565991057
125057301642
158804570696
129663488850
123065082969
125582301197
126104578039
131561063969
155094378938
126020274381
129586061633
112670389801
125193791884
119641036241
153030575189
142960302798
137127889470
147885311678
150846186413
124550949128
130113665925
141092040200
138616028705
135905775743
142605644653
122280372613
104942438541
135214891366
160221719746
122770427868
118910573142
129534161118
144859478026
128340759417
124282667884
138467989766
119146473266
118090148398
130290579719
122955003583
