18438807483
17939356435
18659588149
19017284691
18304601678
18302559061
18333112936
18759423637
17650841719
18410130987
18427683214
18458523127
18247595249
18222183421
18062300238
18122185387
18536814242
18681313336
18281296876
18868076413
17896766320
18114700029
18281884518
19006749400
18661999540
18336352826
18668664677
18802516689
17872350487
18273340607
18160552105
18434896266
18946027794
17991799967
18713910623
18320545629
18465248516
18505715431
19162088947
18287387526
17938937041
17713890857
18191954614
18450714400
18748640381
18205321027
18247800442
18085843936
18223111875
17755488172
18292911028
18262574053
18141614514
18127235576
17990073372
18566534319
17967136647
18803702672
18298808529
17994076992
