1.9784312799255892
1.9723546773874532
1.940083019977702
2.002287388588421
1.9820983668949153
1.9853022906044742
1.9650030033097472
2.0133251674813604
1.9401818403107118
1.9623916086362942
2.0037135502648638
1.9797592718225139
1.9568998637890602
1.9535632579789506
1.9485342183091046
2.0290831423923796
1.944755233430019
1.9281554123457636
1.936075915319131
1.981943371360386
1.9767699347434613
2.0160278617759086
1.974205474514018
2.0169287761821657
1.948785134359649
1.9727225971533682
1.9342591384005248
1.9663396709737453
1.978417634381217
1.937499862802377
