142990043552
141144181676
129529211720
139159513908
146224979886
123038338970
107672537132
109509635546
125207347381
117006724077
128117507373
134531103369
136908820492
121025041508
127993844448
121065492908
154824523643
146420047088
133445998073
145651474874
144973781300
135716141620
121345670706
123970476247
147004416322
119047374831
136133437305
122031312386
123253253304
131663042733
123633612534
148630634909
150368820741
151475198765
136589995761
140060638886
144345991566
143680771137
146915085676
150698536795
120563562870
143498521032
146717724803
140454195445
123753910351
152709535143
126212422475
123154815100
142731271308
120984643368
148739252445
115544552022
133018582751
142702138840
132710467616
126851548958
136672516862
119396010513
143490546775
127049947547
