0.988157019776217
0.8916987380933193
0.9038624173112173
0.8877479455665869
0.9631311267393341
0.9070150549366384
0.8937894822950796
0.864990501800974
0.9249176907052115
0.8483556835719204
0.9273899251595267
0.8608151367197319
0.8901946213873845
0.9109050742131928
0.9603515674121988
0.9052555365393359
0.8923207490685174
0.9250358897203208
0.9439050862401582
0.8943896502230128
0.90988275768316
0.920709812720361
0.9748853670226569
0.9230640176691851
0.9427164815228053
0.9010030367198653
0.9128352852846836
0.945755120134614
0.8437234879493692
0.9024420516136689
