137021177455
134754153859
136042787498
134015017836
137458969735
135758385501
132947367892
131694833754
132002638086
132609931538
133225163411
136175956527
132208411444
136588234946
134446746652
138983485192
138477161235
136337267077
136553986763
134914929394
135104429332
136221715244
136971058141
136518604831
137475251633
136167953757
135254947831
136477194043
134273161075
136501907305
114190625588
115245589463
114663228809
114149456278
110227316070
111529089599
113762679958
112730805186
111894245502
115513489816
111480368301
112639156887
113050622123
110669347672
111860845556
116076879512
113677749263
111499738574
111257865899
111752843618
110872639752
112483580901
112757067883
113097279195
113562991464
111225756027
109636004562
112410092192
115891189507
114383757071
112574345197
106258385354
109691695509
110273455639
111433111617
109314035678
109374948320
108439997724
108763291485
108582942316
108352512506
104300151152
109706386632
110768622940
108302001169
107700806545
105639257180
104037972940
107450283917
107471862817
107749793391
108452731903
107445065867
107888498556
105456754744
110218259149
108250443347
111049488804
110119072432
107525727273
171384252040
174052630133
173301881192
175804973654
170424821107
172873441169
174879546148
171817246851
174015186985
174227549130
172310643789
171738660013
168989997584
172803723449
172510796433
174847401422
172846228514
172945993568
176057257817
172071917004
173892254813
171763532929
170163827112
169394002248
173271606048
170687962838
171709257738
173494737139
172746476911
170970638103
115444804883
114571349962
115179559328
113490114908
118684991611
117683055916
114825908591
114377820407
114703827088
114979228756
110472352176
112281830201
114905603318
110805784526
115735375472
112433992410
114674631237
111813038342
115315011639
115682454169
112676066887
109153766361
108865740416
113452991525
117562150214
114910586748
115582129902
114985924829
112341033986
114439047226
113021474630
111504412651
111343159713
113452248638
113900032897
112554968815
111319789137
113676310179
110337499163
115858046110
113679203882
111944884712
111563488716
107978902484
111086651885
110634135567
110683613283
112162307112
113689584517
110193198104
112870633365
112248093509
109267340568
114207129860
108566742872
114159915644
110102180819
111614518897
110451855054
113219055318
129262618888
132641090815
132752819761
137272743493
134615665424
133831821901
134673290800
135072946893
132611623670
133647208320
134954254613
136149276766
132817472828
134807998514
133765350530
135288657914
137040828798
135907722605
133925937407
135524704096
132772202460
134718456041
136074940148
136468596171
132667559891
133869027964
133655221222
137360570827
135059549810
131515651390
