1.9260706789795974
1.9565477327676772
1.9310912524291295
1.9667790624761938
1.9755838010106843
1.993476742407332
1.9467861662607646
2.07633426262177
1.9448704589219643
1.997851239531751
1.9714553494710476
1.9393918344012833
1.9392371153805723
1.9998139384877502
1.9465022536265832
1.922261202737608
1.9705472393346999
1.9945674992751887
1.9873468476464988
1.9892001477710948
1.997965634207919
1.9947619891359265
1.9606195282509362
1.964046342354596
1.9568038638311802
1.9656485330874824
1.9135112808999555
1.986190044533041
1.9322022971442345
1.9633781542421531
2.0043083738124023
1.9704402401204795
2.009898627872819
1.997860213543123
1.9773330620725855
1.9748507614099742
1.9550449100450686
1.9846278993250317
1.970405311583021
1.981731033978228
1.9479999516340267
1.9664105411455253
1.941721496126738
1.951097794151033
1.9512186256228974
1.9650809289449498
1.9608004559287635
1.9722191752984282
1.9849527085788063
1.9394722189791653
1.97298718385479
1.974892032923429
1.950175679884715
1.9468504689228079
1.9284297390770855
1.9694632729036594
1.9554648421519063
1.975647061458636
1.9680472113112895
1.9657256010673692
