735137997939
724229596794
713019657888
728699845334
721854213358
727696614838
728768632485
726153869011
740753841712
712653100100
712017599588
722573782408
728813628910
716655772078
709149971161
724371408084
729849059303
723278496561
727322356105
722484376378
731882801157
743121545328
723688457984
732843510326
731049456634
729522872420
714866204679
725052174409
728640189965
733285258389
552997367551
554804180210
542746433740
542541681993
556742930981
562803326567
557268937972
559658345308
557656539144
552761880375
542347677432
539811445469
551944385833
558045095672
537710229327
559317937792
539370296936
544264714927
553080569794
548960972313
557533077935
555463577943
560946983707
550652380128
537763665244
555278006128
557348533297
545432261442
560793713409
554091796131
910971715468
920648888591
894989100955
902462151790
919813805953
918301420275
898632482329
907689955873
911017858718
912479555017
920979924837
908110239346
922589305654
912393445017
912118912808
914794431644
918902227970
908370834105
904862877520
916904044580
907463991327
921639754227
907447467669
898652262262
908435085141
896770597944
911356652982
912873501396
907563488962
921558651548
593226515014
593714775527
586819174294
587381297183
596564171742
586532666660
588701184085
593124288021
582438156443
582284640596
589009767097
579945591230
582865008554
589342168745
576116646329
586506088311
585938984514
580747934285
591175565092
593753183921
603070892966
590004234919
574116465576
579840689814
597529050027
589599516681
586248029768
583372521075
583452907156
599227190327
732127349208
728360254579
735982546734
727454791204
728446520809
728589099788
718793356525
726735187965
729486338704
740033003724
722964009626
727697104106
733042693954
734209561518
733204576508
737674461706
720313244121
739934710250
720268358796
732523865300
733994654962
729742573151
719618398145
723263064042
734294740454
719849510016
719361873758
727547186746
730441193699
732260107383
579202925655
572226446212
586521621761
591271073042
581654075651
596981882797
579405667677
587086699576
600124948937
577241110044
591694960643
579545457066
584384304617
573022251111
581405089966
586392784900
593214850504
575399669139
578348316007
596202063318
591834549240
564417836015
580153899820
579895932763
580790859405
574072204738
575278067041
573960823827
573243356773
590669302942
556385804633
543422261627
553842957566
553110961536
542107145977
552195660262
552643822270
560728640953
547017730858
557016937103
550836287187
556493580849
549650787440
558564806820
551753708155
551396133674
543028404344
548392809136
533751847051
555409580489
559387456301
543096119828
548524582000
563871074713
563636791640
550292538506
551469527486
540620561313
558869629184
547003770724
911760600240
910032312484
914088962636
916475197609
922491975402
914447656340
916466622238
913859662476
906809445382
901893142941
903363266018
919105018018
911941646065
897398624236
912528683385
909969275659
907846039236
909774225653
925018956378
903817481434
909688656120
916567456895
912625511314
913785378139
915086915461
911179248412
916261277825
915617903530
925614662860
909401194912
584854079012
590215687399
586681273742
589731562644
577999942081
589711375441
603989480427
601445310442
584687697929
577834078655
594352651635
587932850311
583735459717
596193447473
585440767294
584418795261
585841288573
582282113732
587802952514
593039658204
589117716980
581236447844
569541341361
589516565442
594511521691
591483558618
597026652768
586433104422
583006577955
581328227718
