118803943526
148041064910
115948074235
132364419759
124831882550
145306144445
117029544349
130056704592
126056324708
146075155157
112751868141
127192082381
121742492686
138061020131
129271317604
112700173839
137346296308
136338311483
135335840749
133648185297
129321550520
127388499617
118913237083
141245572434
137518069540
132138902889
149911097286
150790692215
126575764981
147835345225
128011769228
132750012494
112909513775
140091084323
132729824362
127782507576
136542424039
151427238631
133377800914
133782045397
130409403471
149541679431
122799457062
138823023221
133889489135
131158367696
122344690935
141001337534
127976941369
142356030383
123313579143
133571274457
109888145598
130789819375
136893235891
123832793273
126035617281
123468444675
130467420592
130113487486
152416713866
139120914955
125848257946
131530216730
133084396643
133242095299
128563899768
125171715922
123803185045
116988712909
126018735089
137498957146
144842616142
117030213070
117235866645
129308513564
137070072158
132252188395
127498648811
133984139420
130366211445
129581994555
138293930355
147035247648
145958360648
134667102436
124581132618
116571962288
113030754022
125162172953
126637935825
135842387648
112121511947
138353734112
118989793461
113332856039
123907081608
123563453854
118325262850
123529202775
138500729419
130624311242
126620714024
117720576966
157739843743
144059785541
113739745758
150364540141
120029836634
134609993900
122352851386
126663571230
121936654638
119693139269
132272579079
123590887080
139737146158
123214381055
137389089957
128220947682
146382465416
136378088741
115511827378
116580556328
149058849831
127056620127
247193891460
127665801760
143062955372
128834562405
127365493433
151108439277
135648531118
112539970439
141363257055
127602955750
123104155377
118733612527
126064542163
150125105533
115035459569
136559734492
124895688127
130934055079
128981792198
134440203037
135856539519
122497506836
136146260229
117834356168
