416051364766
403276036105
399056611557
395170898250
426287968743
427643397438
422995389296
400706880054
409625863708
399457111784
390605111579
402382826525
377149526190
396437714574
393792247029
412570468738
398936896172
397338644940
395225440876
398889243368
403540214498
414785926023
412784894939
423288011747
404169728331
422125806705
415033246796
419726366851
402317686774
414379763668
309589407318
302406994218
302750222222
303123337860
291562980021
299623513564
300597137696
297907586882
298590561340
309199130976
291125005591
299550868871
293948835970
300508847290
310162995738
307073078767
296744663978
298029814619
295689894930
283282806524
292746130012
296889157947
296538143384
285656848306
302161641305
301977925539
295806078398
294193575344
297794650609
286289234623
285695961009
282707945750
267458888521
283663035255
275884529701
267295728736
300402735868
287796927722
279803183959
281483035343
270946777537
272000139654
272154700603
269560656776
256548820052
275713783161
261983148755
277145371487
273885341998
284754636159
280330213995
288566464097
273256888774
272298483080
275438979229
286957285556
291486542720
282784693472
282487342589
287487519193
498491645743
506540791429
497692938875
505231797483
502160396029
500521103221
498360511396
504930987526
514385752517
504062680498
504495385838
505969534358
502307968536
502327614498
503215112261
504978038495
507429436500
517502366662
502515379717
507631394363
505941969297
504585053267
511893902521
506892839763
506625957007
486396307282
484051801369
478689728992
481350981801
496395699569
281304531458
286207220451
279619498105
281005039032
290587964329
286461878711
282406850750
282720371487
286318046171
287465116012
279223711106
282265160258
286612776092
283832525467
312397457805
274653385395
290754665856
281248956041
308197275781
285994827423
284837288214
272637748785
291071682700
290357553971
291759669224
299670699802
304737027355
283805710391
291924480083
290145510777
289763847202
287385923717
290346589091
298312768202
320511187839
290342638234
287011755789
290512687536
285441990675
295115299003
292746328927
281498074071
290833898573
280619350959
286413296571
279167294751
274273353940
294869463756
286889666643
281016725027
307393647121
297877680525
283395064395
291808654269
284060611289
297095409537
292105976740
292048386281
279746464376
293910055641
