438924654284
421732315810
425930960633
434847006847
406163224697
427439674682
419913522911
415361116712
430010921199
417627124628
423700586033
404201848966
409338390169
399005160082
398497133090
417423673521
412822966640
409928538647
411797580564
408214946089
397391550402
402439347063
421966222311
428149058535
424576045748
423760990867
429211762283
398240183097
419153639060
433172148546
384866680060
444196358508
441971458501
450650108124
444347516541
434330659049
444644384076
454591399062
449596548960
421609786764
401528874394
408056048503
410346835869
412424671744
412239501803
415082595101
424096591351
426629513891
420213146853
424489465037
430102815848
424825506478
429051458534
421431405336
424119344786
432216279462
414740133142
423670969084
420083496053
427560309311
