832398132
792143939
844403578
850151014
778737994
766582879
782120577
772717549
882110906
808062817
724253050
796491940
837526988
785100982
780702683
775668347
816569932
775794599
784207245
797908490
849556738
775273468
793823703
829036991
817512235
775620468
810981019
809052853
807152302
813777955
785501642
818801678
763650582
790111626
781238083
791312740
834288731
794601587
802030210
809815696
794653460
813225968
755536792
819752896
831405670
785958138
825653644
780411930
801040938
822725283
762779842
812245562
803530403
817256118
830287221
802483384
817497837
834031802
786337005
831533607
