135353102836
135213854830
135693341727
137874802589
139024664227
136279537596
133718610582
137239389138
139472738116
137409943602
135727680866
135390704865
136769850248
134751875740
136403978504
134857900396
133342222991
136176236094
133010486828
133610315321
135577901463
135604967076
132853652728
137744179728
137102190172
137819551640
135938133988
138586954375
136756445203
136472760490
138036199222
135672022975
132650684936
135923255278
135400511273
136012783810
138097591192
137628536911
134877477897
138570614787
135189933964
133867256675
136602989442
136185125385
137154073251
136888404623
135960395068
137215400226
139503549875
139307317158
137459735428
135571024679
131858728633
134885241469
132709895632
137341152211
135917862230
137256055293
135017181166
134490320605
