2707980881
2661239339
2611934742
2637705588
2602778491
2670243689
2653197762
2665900474
2666211566
2649376655
2639364127
2618465867
2661078142
2614575192
2624282383
2655406684
2683564332
2634422719
2618738680
2630504733
2622511231
2704148024
2653845723
2678795282
2692447747
2687152930
2760125621
2674808627
2675765590
2617580290
2627850652
2594521944
2645399941
2743699034
2772452278
2730169735
2633830850
2649303560
2616927490
2650021926
2655317755
2605080940
2632073480
2635177586
2650061155
2630784414
2684989585
2668435939
2613563798
2711340304
2732644542
2632000356
2683092624
2667160928
2608707488
2633763858
2624132021
2694395013
2646054258
2695320472
