314810528113
305743302370
293533683462
326251353160
333311146318
332055623851
317893694473
306717748561
315512482139
311490908329
313579047056
308144171920
299455838824
347606447602
313425128787
300413318611
338830126056
337267884854
319482914154
305946473905
324678630278
317641771491
315273391389
281416880672
303915165251
308692329821
308335385833
348438664849
326206124783
321885556789
294359242040
326362614405
338195356471
324569678530
318718125854
330317659831
299738178526
301916523500
313454902851
313955510955
323608218946
309955516899
308254986679
316625676213
329287339010
339266352804
332860176136
320086438844
319578125106
316927925185
329756147349
306260534083
346602279228
321115342022
293775860998
304501052244
301043804376
294081941365
318640113913
302153407747
