3233298460
3269640286
3135868064
3144815433
3149155474
3193826642
3056322741
3126752031
3129717231
3250054850
3162052191
3194935245
3146458845
3258801158
3100985885
3011503552
3061404395
3259767823
3228974124
3297320949
3222318302
3121093318
3050789111
3266974906
3105038319
3255383417
3301516335
3110627569
3102248306
3262025405
3101816134
3197422802
3043405479
3085583485
3234772601
3069437152
3218022751
3310064302
3264478087
3130046569
3216714286
3313030367
3157429132
3060147212
3153354131
3125896434
3139481564
3221831580
3102730259
3281843902
3124594819
3079657306
3066186607
3174141629
3354071685
3263922407
3172289438
3154191792
3172718042
3283095425
3317509820
3315991881
3176751660
3247141888
3206781545
3233044223
3067114434
3226601408
3144509119
3078360325
3135291364
3290241446
3292446856
3154290273
3146951048
3191298701
3254025840
3183040089
3304665091
3254273012
3208327791
3227290442
3270611692
3264877905
3267904558
3190900894
3181254373
3168128887
3175065754
3382593881
3227352731
3402291058
3124849647
3277264387
3151836792
3096512846
3236153038
3198873424
3169908280
3263239739
3221629041
3230154711
3291118001
3189183734
3356939264
3220915526
3083074486
3261067510
3124340414
3277836421
3128043460
3220714926
3202293545
3217297207
3301600979
3025231060
3241254430
3159232174
3219567518
3226828485
3295848132
3115853469
3133183949
3115443849
3217982310
3119366933
3207943790
3245218004
3335799031
3152598600
3151501012
3254806748
3260896681
3144307344
3284502155
3192413529
3209115078
3033117341
3270573291
3319968331
3046290625
3223334623
3171425208
3065267495
3137070509
3248329494
3167603484
3076087340
3259051502
3041598135
