434752430094
429704121929
424552618436
420962333671
427623632140
433349370770
420903726952
411374126689
422032695741
405381965992
410233964299
412051920678
419705070932
418011045537
419544748188
414996985504
423275190903
413868620033
422457765882
422722937901
419841543203
429945482828
424627870266
417801545061
420942071055
419563898678
394338617206
409867059975
417896650720
414453480513
303671099065
287524672329
281570807657
270904477886
300978021692
310330922594
269810452190
292729301857
274681193199
288270166347
277161684273
264823385877
280671098525
287282196377
282934252846
285261505412
261312010605
279937753766
271197972099
267268481352
293378288971
281496765946
282761678003
282450061379
259928160771
287223178521
265633982454
267354506552
287446134380
271638490384
505902853341
504650785943
496973412152
507851423168
507790035120
501733765432
497548620869
494231778781
500395778408
505982238473
495576179975
498942103877
510632325041
498906961796
502997517438
504900035806
501073669887
508635717494
502895393579
505161841579
502643228429
507829197979
501916003363
499887782416
498473585023
498233633043
493407901741
502598346629
503896381658
506812533981
293136347115
298685546382
282547925215
283466182791
291935637555
290725540215
288792888156
289821261950
274222201800
290122763792
287428282593
279058517853
294010564855
289966412730
281682580056
291783695887
301022808948
286745779881
281091435705
290312981721
291401264822
292928204945
284512387546
292690769285
287468063265
305822306168
275948559459
283167976169
286594898538
298289294707
441819100015
448170243672
447948769979
417441331679
422117844920
426850760872
433171525841
428982411098
432504577757
436167561064
419313055671
426999543588
432468370502
425875810712
431530853577
429069525081
414756161913
430768907727
421658800017
430611269082
421437101359
432431297524
427279483108
426266455917
423910109377
422928288761
414378670297
423437253151
427335384818
426333454532
335749095391
319321607973
328694026942
337571583044
326162513806
332348633593
323844485984
333908353849
333339737361
305998983651
332998679470
332797942448
334539520909
329327065911
314974057298
324642741362
322055240706
324897012187
317800935191
340256309090
323507239641
334601742634
325159475877
320326798957
325328150440
325415449474
320087147238
322836041323
305493478285
325437809183
296079035697
273530870216
307780279956
298404502233
306628774475
302715102620
305908673628
293751436424
288724286649
294333070128
297397483032
286141221021
294342073946
301613496850
290978867054
290046202582
287023964790
289034543398
297283531770
271881466057
287941118236
283951371436
282498548892
305646608349
279088089855
288391491788
284346908780
279039699569
296107079525
280649589672
553088407338
533228797016
539917262004
543512290191
541811404637
537445943364
540249486432
549708143002
549384391034
536188536865
540339233926
550650572960
542168705371
541188731279
536396196600
529528709721
528775584419
532134241626
544847050445
533780677407
537384451974
538505928280
543733704695
547285563821
555708072471
541779428337
540947623045
550108540137
541848158723
541435519645
306633804150
308849018883
297130287049
297928325465
296147999986
286911719282
302481116115
302249161433
300352376061
299736764391
309435563824
305028770239
295734684878
311974187969
317015610286
299087190572
301385092900
298148161618
322725299750
328007048169
301138728790
297820161348
284218559611
296650883979
305709342245
324382107161
320891080284
305684755159
306827718506
302435625327
353079495797
341622711571
354684754162
442422448523
437994092658
419737251642
436543946694
434840382837
433835539276
419056433621
426299268057
436005182324
434951222371
435993472760
436965674920
436768114908
437290799332
427892013769
415885727756
424227857447
431651249445
424217802258
420961180490
428421894279
423521549449
428240724184
429480963566
427084796078
419889497421
420194481853
313054888138
335279972318
320191409870
321948763534
289222662028
327657960215
319431002639
324477934772
316208218386
318972105333
322864057216
314097768407
323378077254
312660176329
311714936640
313113315473
314432660087
323121601336
313734308804
325993545309
322535191319
303779462852
320773241256
328929330756
327976352677
324413451232
315779901315
321552159221
326769433903
322201108518
328700533084
291830078850
309821166591
294673308516
313481600852
295753049886
304247692187
289233515538
294891724333
294820936475
294715301640
301106393734
291174491324
290178463379
296523908927
301288601414
283906578857
295063107827
305352103987
308852992989
285170579469
285856865668
291141408329
298246296564
301926513198
306861167236
294779896880
311837316190
296893773060
294577753512
527341252727
537366041307
531477791797
536347741021
531967823844
526237948980
542266433335
533677106797
530829354537
540698846277
544875779701
532899456255
535326641181
537904511340
538193611073
529267344416
535034224356
524583255142
539381221904
540541343036
536040954048
537992136420
539807582622
535341081176
525495084953
531101453769
532730664146
539305410563
537629871821
521482696814
330794359899
304019197553
311048799070
309119382461
302311746538
304505336601
305230592683
318324933770
306918702548
303267487273
318254279568
304300195270
303273336272
299023386243
296088283902
316429922386
312836454796
337911056171
308650236754
317659946352
316080038419
339297377323
336076981165
316043041865
313751549734
316935738763
308447403220
315144131929
305239808715
307063497115
