1.9804040083572096
1.9848179347997958
1.9455786948717277
1.9506455403727054
1.9546568697788247
1.9546150904155877
1.9650069586900878
1.9354843384861118
1.9183467960417595
1.9399230558749765
1.9668480143233098
1.919342150992649
2.010161535612417
1.9581676815328612
1.9931055492785905
1.9404218961706576
1.9689799743155687
1.979915166063835
1.9657949755354005
1.9550224739193063
1.984022733774271
1.9918126085206174
1.986312393233756
1.942993164781947
1.9589180819290057
1.9270982784340744
1.949684686148452
1.9510846097991537
1.951529058128409
1.9528148074613627
1.9773540197309216
1.982820200518205
1.9869245351214218
1.9791892641901887
1.9840907975476045
1.9806697220191245
1.9521535486103196
1.9387295919053977
1.975839563841129
1.931190057223485
1.914326776495917
1.9679863869892813
1.9838078998634279
1.9611515144914444
1.98859855150537
1.9939548031969616
1.9589875482988177
1.9780623774952222
1.9536262220151621
1.945788344287511
1.9466339315061292
1.9613414004179035
2.1244484442108686
1.938504773037706
1.9891431595425608
1.9663148907117627
1.9612929038635307
1.993514107016265
1.9675845533568128
1.9596371383042255
