15.138726163053068
15.036644924916548
14.41238172559422
14.60812343585873
14.659088323458274
15.263681396943534
14.823244582129961
14.833342097718244
15.02106215842911
15.190982655541422
14.937858803147735
15.236010469899963
14.803582948887575
15.279253981408528
15.127223636469973
15.170222919408626
14.964607003228453
14.937115561424303
15.058156271926809
15.523046389014683
15.118596575107485
15.036010846376662
15.512358318518734
15.208861024016137
15.123580133482193
15.344570791218937
14.4982111418787
15.080604247907175
14.997656510758617
15.001360044339673
20.890421270323753
20.023542340139787
20.41711335400497
20.040660262885805
20.612848812691833
20.384148872905595
19.948094107493176
20.4197846030286
20.877131078848816
20.458985145884583
20.508201560859426
20.492199045638063
20.756016847131566
21.435316447028654
21.279657333851272
21.211577937137225
20.500174584382716
21.148151557574323
20.66711918145463
20.60271704247396
20.48309096261937
20.920665566691387
21.15960103766992
20.755275773672636
20.252700371536605
21.118684007533492
20.789842372580093
20.242232192606735
21.001134479350842
21.03182964127556
