2216708054
2248913550
2125147254
2119003859
2143700094
2149338012
2259663244
2062211813
2256422300
2032919361
2153263636
2242429362
2218188452
2091017400
2145246884
2240786832
2157337260
2017705319
2206984334
2264009093
2142219471
2317440689
2153068086
2178667515
2158726735
2153027967
2247228622
2158658864
2244196116
2225041006
2133532742
2195100849
2051443803
2202902707
2061347739
2195572972
2183067751
2153529800
2180532671
2210298647
2163012682
2171512262
2168860233
2078354358
2096240722
2172691216
2054928902
2222829487
2164341685
2152120986
2092602446
2102604229
2090402928
2189554726
2150444272
2138051038
2163711779
2184255841
2100595950
2155289735
