0.7258522082067732
0.7303300566706006
0.7389130023100787
0.7450329809686149
0.7103330824952687
0.7180595806520295
0.7113690199817915
0.7275802767615063
0.7244122957415923
0.7319893902620443
0.7357386728196988
0.7359560969287424
0.7417236050892959
0.7479117789377496
0.736362939663369
0.7400645662584067
0.7575809530003589
0.7414496749793227
0.7402342686107333
0.7365564501133026
0.7301025813785372
0.7205648010662056
0.7319396787167475
0.7137200056189424
0.7337901809106289
0.7198986405405382
0.7197333437613658
0.71817733070487
0.7349127115205152
0.7290290812355608
0.7892208919436388
0.8008869148255278
0.8001315594090157
0.795794954992456
0.7867329288433909
0.788023056984138
0.7950965857343052
0.8007866913091108
0.7848316622540191
0.7890556625605603
0.795455104060968
0.7896323882915236
0.8027334035375522
0.7852741585251682
0.774402327476893
0.7967856772753065
0.7979889660295155
0.7927467678410453
0.7999751695915327
0.8220416510477272
0.7947987004889417
0.7938447336690908
0.8003952415564101
0.8043362980396086
0.7836110335293834
0.7875419019934579
0.7836806194617477
0.8047665233626775
0.8089260810803399
0.8193505778453968
0.8166996524864895
0.7876887082271524
0.8278368963060928
0.8048843868698536
0.8165457809284302
0.8258429116287872
0.7791515706822657
0.7974509879411311
0.8101147355835175
0.8069359456471634
0.8154780376438334
0.8017132326758263
0.825305047866689
0.8212785493146701
0.8431730322253268
0.8103228816867442
0.8116685021491292
0.7937122123240398
0.8054120404241286
0.7902526532018561
0.7933967115553934
0.7853106726967131
0.8098283747527436
0.817272949851459
0.8037706061093554
0.8021526219122568
0.7898932418535962
0.8126284592696413
0.8119766134074508
0.788870770105213
0.7423060776947924
0.7424850399332843
0.7428247824336905
0.7454362397108226
0.7374229235042579
0.7372554973904039
0.7473359764811928
0.7273296265306677
0.7351287276015313
0.743443718938416
0.7393732466815961
0.7369648419591038
0.7281722171637652
0.741332133678206
0.735499168542634
0.7380510769258934
0.7311589872574221
0.7360441584134366
0.751224309415498
0.7349480310928479
0.7415885434367046
0.7411961259519407
0.7370297775385725
0.7257948146980707
0.7366577116533646
0.745957896174868
0.7534591323409294
0.7596503615579989
0.76029950793641
0.7382451339383117
0.8398242663782763
0.8268327528409123
0.8384609440880576
0.8333959826311553
0.8451276600023686
0.8324140940859265
0.8359917436687065
0.8366473449159199
0.8241713399557314
0.8281156474223014
0.8210097042873646
0.8188463176785254
0.829377027218338
0.813221396422475
0.7952225008281467
0.8363801573270678
0.811203558653571
0.8185653326623751
0.8007850789421682
0.8340866295752377
0.813909019314416
0.828888978564822
0.7985028408136052
0.8152069105318632
0.8324725554839567
0.7980511711466409
0.8071181232263782
0.8271058431598649
0.8108911219496637
0.8206181021936301
0.8070125578374234
0.8062788734917405
0.8037674355739334
0.7975583404444738
0.7738820991201166
0.8052907199158515
0.797142826563037
0.8057595606728059
0.7977907601297183
0.8193920197049899
0.8054298727794333
0.8154167223377621
0.8021418123220719
0.7973805978529884
0.8076781235493502
0.8117696176927033
0.8187452320889823
0.7893900904965849
0.8129678346413095
0.815035567779139
0.7739586448970914
0.7893791420373635
0.7991577627743685
0.8123238449369925
0.7955434414673339
0.8053978674622566
0.7845529444062572
0.8023063869002944
0.8098033377279861
0.8028751951407712
0.7581401611695069
0.7655062978614834
0.7591280747437669
0.7101362254324529
0.7145904682858306
0.7158075767301433
0.7178571765847244
0.7082512761085574
0.7105676082007675
0.7104418261780296
0.7008235239642934
0.7206218568352704
0.7043029366916015
0.7121869087330117
0.7396431159778467
0.7357086818897134
0.7254366708402185
0.725225958684106
0.7327538426699022
0.7324233746216995
0.7230455627829127
0.7285096596366976
0.7398717060240463
0.7431617748399011
0.7256505069243522
0.7701088279020809
0.747618210671895
0.7529907104122023
0.7662599435958075
0.7448088944293266
