2971814666
2963005383
2925522311
2864126150
2977761454
3001635530
3003105920
2907230615
2903297452
2951482788
2841774794
2867710657
2847183306
2908218507
2870309748
2895041027
2910581848
2868909576
2854311017
2879284910
2947566981
2919850844
2930324694
2939037117
2896759854
2935404896
2933047715
2962783912
2913484959
2885570792
2198101547
2157524480
2230751748
2187381630
2152427491
2170949769
2221474661
2161981353
2169115584
2249661676
2213123963
2206803407
2221112019
2191484893
2208520715
2181949318
2135960356
2205436077
2205294796
2128485159
2176796798
2195460266
2265050022
2159364610
2254000749
2275019824
2277980303
2248951745
2239907631
2209048112
2172121611
2158566106
2107035195
2100201432
2081762195
2116512556
2206485799
2155742412
2137073845
2100510396
2069560356
2102823321
2059397737
2068432088
2094479568
2154906768
2070134994
2159951494
2083323021
2137158131
2181352766
2181789469
2071784210
2084889223
2163054193
2112596761
2142983791
2135246771
2073942072
2170208201
3859408543
3876059686
3805744156
3817041110
3782076189
3771582328
3817990075
3823470119
3877073711
3822320065
3814620390
3839395535
3835146079
3847715326
3816930180
3853751328
3842761104
3829881640
3799923890
3830993062
3864499749
3771435301
3931458216
3862526309
3875651724
3696312983
3723370902
3695952216
3720565398
3782437157
2300364903
2234638831
2232558804
2278768952
2347006978
2256982908
2243346488
2218345294
2265630899
2231433481
2226372287
2208799685
2278295436
2237056803
2377820439
2206405984
2324527878
2304762197
2303797859
2256618327
2249657186
2190640089
2259214150
2232490571
2220569200
2296928148
2336749602
2293761230
2263768300
2300605232
2138922988
2179686190
2209590128
2266758552
2265760188
2222315500
2169065782
2194087625
2144822890
2151802960
2224733928
2190542266
2166722791
2203685497
2221833707
2170118085
2122662313
2171622582
2199943079
2140363759
2262129784
2183767895
2129838749
2245716076
2183140659
2180631940
2185655738
2200539938
2207805229
2195576538
2732933103
2774008412
2813056494
2990052540
2967116633
2930667037
2895017120
2941169030
2972993660
2974897112
3008362292
2949213891
2956625198
2938604333
2881593403
2858221847
2973296193
3000128598
2822731074
2893744939
2926064020
2894436319
2926400866
2910249996
2954521620
2749548725
2851062071
2827189064
2740893393
2803879933
