131083374449
139142142683
137141083571
134706973032
136142178167
134861608816
134184746324
133733052991
135587220322
135543811763
136195894112
134289184265
136103094864
133762240044
133121338263
135444030012
137760939899
134981033095
134026619576
135517314550
134544647860
136284246826
138432378239
135514444393
137569651637
134878876443
134574919710
134529737291
134957111132
135237465235
137697657652
136323608375
136534205492
135643275719
137422156906
138409323453
136760939771
138750111404
138443953032
134617507510
134681455990
136511349357
136113435119
135292042108
131492947802
137013598814
136716333610
134557051784
136732034516
137431214530
134709321607
135636138701
132568541756
133737451030
134519084924
134786738085
134881236255
136192046659
138347628786
132810465766
