1009720090
1039263471
1014376595
1039546084
1027662880
1055754192
1013692868
1039218014
1038848799
1038489973
1025633642
1036715135
1030527526
1014517956
1042492873
1015843518
1024971215
1084389944
978437710
998417591
1032387097
993124371
1019293756
1035189862
1024526040
1049607364
1024601257
1028509907
1021253056
1046370800
1015852654
1007824952
1010099721
1044778063
1008250393
1044928993
1049713089
1007705794
1046615781
1041147965
1053815366
1072514412
1040757528
1009905742
1051017625
998692471
1041245778
988182664
1034018705
1056405416
1051556765
1037091093
1058323909
1025706298
1039572172
1027766091
1024192407
1054319970
1033450222
1058952089
1044438662
1048432453
1029886387
1038359800
1036727299
998963189
1013994967
1032325494
986706169
1037401367
979479964
1045209073
998634292
1013662019
975607815
1008039411
1060816182
1042884591
1067232184
1070615274
992815541
1025705741
998004128
1026445095
1002452005
1013927073
999632229
1016318660
994880021
1031859183
1059547083
1069871964
1019867410
1028762012
1034766801
990535453
1070352286
1046482848
1049018577
1046909897
1029492835
1040047284
1044482941
1035314958
1109475458
1058746584
1038059853
1015406071
1013202605
1062024604
961715016
1026326018
995868981
1037799013
990543580
1018396177
1000837194
1045944533
1031988827
1045653871
1029986650
1064632997
1022251310
1018174324
1057002123
1052306329
1042960201
1045274742
1085691162
1047713031
1000290900
1051244432
1055759001
1023669550
1049528113
994540763
1014188477
1015145703
1054705756
1022486953
1029397558
1040665751
1024312155
1032369667
1039405966
1030390278
1033667998
1016894724
1060745468
998288576
