1.9496379528136014
1.9581936394985395
1.9653210418739882
1.9417699729283144
2.0000925715408178
1.9782771642894534
1.960728297849963
1.9528832067241997
1.969814670308025
1.9367591764883012
1.9745590644083537
1.9915530526791494
1.9383557691846145
1.959991653856474
1.9885974055622277
1.9576114640482871
1.9382556159099913
1.9652889675412621
1.933058875771377
1.9564989690404089
1.9791048832179943
1.9638146581593998
1.9938617042929152
1.9204896367570639
1.9443584468272763
1.9923605674276799
1.958467557986863
1.959499543087985
2.0076817416461226
1.9550610192806916
