821322860
848364750
806977950
824176656
793439055
844966430
807343528
848349661
794710094
803674762
776883256
809319183
824224421
827471645
805351272
765172639
816608220
845354968
846549750
793874989
839561127
875956007
815965722
863363795
811860819
823793199
808288787
808319198
874145791
860894416
831376267
814437234
807657891
799796461
840750946
802447726
775859051
836324920
843820397
792425151
855162451
782451243
864493968
851037642
819266613
783498977
802244942
775855215
779889403
804634932
799785605
852280821
817254836
811861017
819802842
822152534
793798959
856762375
808291329
848883052
