18332502866
18929764445
19314517607
18059470370
18809683506
18524604727
18759963056
18595679425
18730952689
18731629944
18432179291
18223835707
18306642728
18522401338
19018525972
19270163830
18857480234
18441030864
18230436157
18471150895
18801240086
19275077308
18898789712
18859185433
19679962345
19068142034
18485162025
18425096385
19009231198
19077361179
18736597406
19713567496
19753606049
18924992627
19913484002
18360574474
18613464700
18582729991
18509131593
18455113362
18331993277
18175274363
18517408555
18530221168
18376714575
18750698846
18097843760
18081078882
18408989588
18878025931
19012262927
18209096234
17927307874
18418068750
18953964025
18154103761
18607731790
18914729192
18686533245
18825867245
