394784138429
398007886158
412961070193
372088145510
385312808958
376106853923
378795232469
388729763006
389720235189
380197360982
377701192715
376842638194
386032696099
380736849424
397321778460
396265942642
374905153738
380871032265
382690797398
380467559386
381515072903
404776351400
407310073443
413544401237
416580630811
403441935845
399108325575
413044366275
415902872964
408968942534
442016860385
435434774150
445081713871
430895140785
444370923372
433784690852
427481010086
434923727935
403441363403
372551865759
384782184451
379626112254
381377783311
378200086909
388670875812
391376419052
403076370283
402921437755
400435634139
395337951751
395746441959
398025356548
401723614682
388025291201
397574306513
394166490381
396052968459
384725720200
402933914792
402212531573
