20371236483
20428816303
19839222796
18335072956
18240056579
18791016167
18405097816
18025810171
18103328077
18427387902
18176580078
19135872219
18262304163
18271916367
18292886842
18617745194
18132836963
18555541007
18324078330
19174107547
18315013078
18166473100
18116711128
18968049092
18413949304
18317980425
18639555948
18227748390
18419676092
18168039037
11956781233
12338823169
12090028702
11887451568
11754219681
11530473992
11734215311
11829429868
11684853826
11536080129
11768880773
11858922487
11928425782
12081147084
11831878986
12002158547
12057364176
11945591296
12036475069
11951082019
11834734033
11791417474
12150004712
11611600983
11838694541
11987768502
11686054044
11983524364
11689026412
12016717357
18403233282
17930119649
18294130290
19882248938
19689190022
20438617673
20048358757
20288864281
20427297218
19846867886
20617118417
20164579331
19896455233
20529935820
20001445859
19694726060
19591882390
19795972844
19741146897
20453491928
20418884176
20262068209
19884775778
19986254626
19695263513
19845026342
20012863635
20025288755
19276969468
20180157335
18876783831
18878738998
18921147329
20249758229
20348846659
20273364636
20235719169
20333328545
19797593503
20223466446
20685570094
20275534452
20103616174
20154807679
20439509759
20058815640
20450699951
20059952238
19923463419
20451724447
19562160135
19499448434
20703155743
19821080255
20095837205
19900254641
19491158420
20382474981
19966443754
20054922318
