25.78938533289936
25.698084437992936
25.550819729192636
26.668033342017956
26.577615043309873
25.950068099917328
25.588553998470548
25.95570341166797
25.638429684678904
25.964352718300105
26.81323176561723
26.524303685241268
26.507727138374015
25.457221007176596
26.000209153126498
26.20615726913534
26.399355829722953
26.942879812703886
26.423103917747348
26.54055962061172
26.406935119362274
25.77198532001933
26.286659304486875
26.762326154973064
26.560005037818197
26.108392682179915
25.922644814135754
25.336823754026682
26.384596419020234
25.765566782464017
25.204582224101397
26.200686740316264
26.54341389918024
25.91639508975187
26.209029740334238
26.589795745439897
25.393342530279888
26.532494077498182
26.31161343500314
26.363405068147888
26.18243445057768
26.773621460710324
26.426219019576852
26.701546398100675
25.898136333267267
25.85823208345048
26.08288338253767
26.54118340005726
26.68380612822193
25.80733607197785
26.67450958672719
26.568363821167363
26.398749578666212
25.93300321127494
26.51746599925371
26.07606852362902
26.051092899484914
25.59650009625129
26.439706265157138
26.090604637495566
