176744269741
225093745232
206625241557
183170286874
216998940059
190543376466
198948717326
188398854503
180973912537
191909706012
195855791074
173745637327
211346351030
174941629338
187535319791
196620870335
182649457436
178982203226
178152625321
194017427061
175319526644
178411457848
199544247545
187725367431
189576202000
214939261877
171336296477
188869937082
197281603111
186991444976
205613087026
189831027170
163775339821
145006857459
210762019886
185876421681
171024968888
230406768674
178018220271
190555837549
204484450616
198124650016
206889882200
202840091784
147278166451
185176806673
198112132594
195340397794
196221531611
208005928586
194213814393
192344586703
171317721512
213003418587
211252728839
189292266688
225662342435
200576120543
188383755679
182235151539
174231768301
172955961774
182179930641
181351361275
185564028829
166584830870
178219799060
193725159717
171841689184
230919555612
197828304607
181636885129
182952540296
189727327745
188857356525
202586563558
194492410843
165237444392
194654145208
181666383054
169473493403
186604500062
223145769788
172623553957
198787664592
191355641452
197515703116
200699167632
180056308572
219628912525
