14.817044369299653
15.161237074084704
14.434338298570756
14.753405442367274
15.064574381139762
15.220840480307697
14.994608534248469
15.340893202293987
15.61613346991695
14.981631911912
14.962193731435194
15.211783499737017
15.214282600964124
14.696857071209724
15.201136228041664
14.71580345753126
15.121377933710004
15.491326277169467
15.177874251564944
15.068015310425842
14.97646847162524
15.697325024858852
15.337119571313455
14.958085047799965
15.175039635745833
15.107405642274566
15.740290831352446
14.638725890536286
15.10356019726101
15.651879425455029
15.322424994858752
15.230852784804547
15.348986931796402
14.883015620713207
15.378222063942848
15.18923071309409
15.391794216319992
15.273615705003914
15.075647514583718
14.972644852994241
15.278310820270583
15.683057587549909
15.553959503762444
15.032091984329279
15.903466154943874
15.781722278846622
15.262012665930728
14.672856622594438
15.579990524147785
15.065978503933527
14.93407397727215
15.795833265256551
15.580997570121491
15.757998270766748
14.965080614914564
15.593176811698632
15.491080265298752
15.193390266216769
15.537267263116695
14.778435636088979
