334838831078
310169865725
328304747865
340558727835
304561362329
280610387417
294888140801
297830239219
343877857226
296954541401
274338104964
309728702304
320011266086
286639130452
305441542922
308223322087
304220563141
319039819279
301942608714
308286899804
323759972655
295747481611
305571804000
330266960857
294934995120
317640146848
318923150791
312777235071
313681693010
326237051246
299148913741
302428836446
312543517960
300067703508
312716884808
313153674153
308888855235
310711438390
306163966255
301562050848
310526559101
295883796880
309594500980
318272431086
314946962288
313122971670
321565599218
290318502774
314749687978
335155399239
290954002248
301160667260
305469106162
304351607522
306765219857
328728439254
317339833442
341071346245
322571025664
332103698724
