634422985339
616086933477
633913444726
625404738682
601658712857
600174523160
621417513741
629840045703
632133933495
613505949432
618022157231
583055308996
594033252767
584965735640
591941043132
607936820295
587081146386
611183351592
588672736926
597550278464
588265162140
589461145314
613010929088
613837691851
598150172830
617602229691
607476678927
591195353451
619973960759
636777840426
577399990903
654442920491
634588172849
643469412838
650362649118
635820346879
646399288821
643261749098
657165640454
621165198167
596353371343
592132250808
596913767414
593311319796
614766945938
615516922379
635835825406
609012494341
615407688804
620951081397
607308795415
620248302137
627636987003
617366411057
611069977512
616107156687
616295092225
619071158810
615489702209
633119653009
