15.31684060558761
15.300727874429713
15.161396813445146
15.808730546952358
14.920254613028364
15.092227894747456
15.163312323742565
15.74166494860405
15.670905728803639
15.24070562751237
15.195753539396275
15.58078109159723
15.432513000752978
15.356213139408867
15.139588416258363
15.085889443629084
15.430963484471654
15.414901791360073
15.404318655983982
15.117958095160697
15.582880499364524
14.951082960398365
15.390040057185223
15.274212676012558
14.59014764695171
15.12057527607569
14.913397871609945
15.322359997521392
14.824442828053396
15.392960008706662
15.291439218747977
14.868765537210606
14.965418899551528
15.51736271120292
14.649403779404006
15.682968760468643
15.425031885654258
15.498634142533833
15.026042459235759
15.356324821257417
15.005938309236486
15.220856360945598
15.388401419865955
15.341717237079443
15.161486040548139
15.174156826730576
15.505869473811835
15.973730388816962
15.585930429719575
15.00364003287479
15.22029455468197
15.864800064079883
15.856309642133388
15.551321910447315
14.786952340435288
15.733266657514505
15.200203726711175
15.202109138396594
15.499536511273309
15.120614832530654
