263776670391
265238094553
258080012733
258624201644
258489525352
261994430510
251553451184
257436886505
262899808811
272349239552
269062562640
250283938051
269370527176
256323606486
249249546513
259212662663
264264467074
263191526212
269399636449
254420742818
258519459605
266802025976
262278350673
257054775549
255797435153
260013650863
251475629150
268618350819
262299141829
264883281386
263448835719
280188090786
259274398719
269833383128
269415432410
266288018466
266239977043
261171792426
267284252732
275119686249
257619606587
267171462279
267927299115
269941252511
271349421517
266764991561
261153637806
264106467042
277323196943
271415059761
270662978252
256073727247
266675771278
261092545537
262869908330
263096981130
264737352543
262467123281
257209181398
258568838638
261477645111
264882784404
257684810236
268331431232
258165224135
259323094125
267904424286
259078366710
260102610743
254058347498
260200532709
270801033461
270913222018
264409779186
251470823653
269946950850
270077644805
265562823387
262575445202
259462355130
262527455271
263983459940
262748491603
269674846687
254683234342
261803427157
271471637654
259490663146
256113077983
260653494011
260632658457
257548615883
267807554381
265428960719
261254509247
267604537257
267482362070
264125134639
266929351523
276776282503
260431717937
254950499395
258889583473
265773204262
259199730674
273918482294
253018249364
250494764614
259133460433
260948322050
271796033002
264680430625
269813664258
251222128662
240685225271
265674911712
260373967844
265346540450
268317288333
270357667222
