50541871776
50034723634
49392514692
50117521952
51443046374
49839989657
50756131321
50409368231
50370220435
51885971532
51520666638
50677559409
50420683974
50103941919
52179794096
50980764631
49914387218
48588325952
49827377860
50987149344
49848642585
49893474210
49337396548
46510813054
48269681511
46021506306
50237531029
49309240096
51756973478
49679170487
48366931107
50853477892
50362097334
46303238871
51292577142
45570187589
51516629394
51344779559
53381352311
49940492167
47500750941
49923161277
48413086207
52008848524
46658747271
49956916948
49751998525
49679742133
47590875340
51170555162
51892350209
49872326687
48772080534
48038583352
50852416818
48446083002
53772033850
47760304108
48677609289
52775275118
