175787365727
183549275186
182044339561
164681692534
198371107098
195116647687
216050695019
202468586545
176250840839
193110688561
169741103639
210561482162
189288684222
215864425394
191286168194
181012543359
209568969434
178681148409
201775410024
194500965261
181295034266
187083870791
221361977601
191169973573
175633099513
178150659091
187493604674
182721735062
218533472605
184829924768
190853562651
168860103661
211351765979
170686078268
241060341583
203812434904
203327847319
232171139861
210047912002
169176029094
178040114247
202158985789
195747335353
195155712344
198088887842
175916795410
154758176443
184301424487
225315476727
186161016515
188233951617
197535056516
208321264759
196600832868
171508152212
220569927447
184196535962
174680366342
198142377660
172312187325
