2354314461
2284734586
2374787370
2313078875
2347065254
2286360917
2326965916
2300454053
2386777604
2270120483
2127507140
2176340479
2402631806
2228304825
2412460727
2270566662
2275924009
2294439344
2326067919
2298141011
2383501917
2246317514
2197725583
2412750545
2348441748
2223621419
2306012113
2304501293
2335338953
2269299392
2351546031
2401495696
2313402833
2237569699
2179861552
2206717883
2370087017
2355160321
2228066778
2299654972
2349630079
2359266719
2212072750
2372708002
2305931136
2210991976
2348524900
2227283104
2236130808
2361034389
2200282623
2230195296
2283786389
2363038897
2208906808
2350383059
2372909465
2256061795
2291026358
2298692339
