1022825741011
1002666426620
1013186791306
1026106104610
984542598661
1011634169096
995199511455
998402704575
1020236365631
999254052897
1007265361433
976069925576
991532687372
977550226404
972903569339
998344025858
994550387113
983450159436
988267162596
980272820105
973965929134
976111178594
1012382403509
1016506728314
1009114667297
1015102666153
1018053707866
980927531490
1006632612583
1014795105642
952461121379
1030606518559
1040090567069
1046556671035
1033242575193
1018677552206
1038552338410
1054190449254
1047901544572
1004379472323
970696496886
984336290404
986775173788
997746412862
991535930158
992310193365
1012117448286
1017769815811
990373025231
1007103758163
1013423650921
1003126022569
1007016008216
1004714742438
1004844294236
1021150561033
994799707943
999638419887
1004941650332
1007767373837
