179812014610
185134658775
185864170887
187357316412
183842800896
151652903943
198189173649
174888921458
193112766025
181016283914
179144797188
202580042668
174606102737
186007259570
168020158157
187506814521
181746021642
169554066809
177737478087
188812289012
159203793207
201115055516
173321381018
175734999636
161299258297
154970957121
200132351840
172918392575
201953980311
198526730146
181303939402
170072918579
161055635631
177593131817
175147462318
191367985040
203796776798
203856421938
190884288282
197866981769
174098225001
213307203320
188166776877
178881670604
157053448788
173534217196
186534779935
178030102637
182840027616
162709120667
194705091699
159787376008
177569915095
168234645980
180120044545
160019147389
199750872209
175450710520
165457695169
222019476935
