148618307398
130680438547
148728784365
149190563492
123157940973
112032534167
122013957059
124655654275
154009753506
127003535516
101999128600
124161534301
137311646059
112160805092
123518214786
126427384871
121566572636
125445089843
119922994708
127753290491
134195296226
123788505387
130303963239
149832135647
121749351385
134830111556
131914230118
132014055607
127103749669
139391042503
121102309974
132344059158
125830512087
129676104436
129410483723
125275461318
130207964214
130465487764
129019876487
131036510857
127566828656
122159319769
126990481942
130757471498
135374684422
123637157207
129162028141
118656184223
138655949173
148788276114
119147397780
121243090594
120347210211
127049427587
128518547449
135523014772
131698073031
154205296247
131826104844
144733956213
