0.8410265904055436
0.8523049867406688
0.8506425212355658
0.8351954348394014
0.8431985483464381
0.9186393262810806
0.8021376029686518
0.8899227900194541
0.7767495180495213
0.8490475739694165
0.8632655010533445
0.8092530179556643
0.8786568846115573
0.8327998882616529
0.8990605822801945
0.8196418905228635
0.8551901153619336
0.898244603341775
0.8690329487238617
0.8275158381278801
0.9150168347972918
0.8016907512609257
0.8693415677531842
0.8747925395747839
0.9159341727551181
0.9061270094085369
0.7976249072708184
0.8538333718059647
0.7968758638275394
0.7965254164113377
0.8591475665912128
0.8695678562955803
0.8914075209760556
0.8639268743522249
0.8500184798780278
0.8261487872139996
0.7764421820649493
0.7897798646717992
0.8191392280280207
0.8066946966799293
0.8554344124467461
0.7812612492149346
0.8143542024390339
0.8706882096283652
0.9092017951165527
0.8514250512331574
0.8405016294348288
0.8691658216204942
0.8548157742933136
0.9037209101101854
0.8258889580006055
0.9110096272217456
0.8775867260077616
0.9083338763342336
0.8471712828000528
0.8871797437244993
0.8179626790502044
0.8590704323585823
0.9107766599315793
0.7471910110203649
