3083635196
3250114999
3249804681
3172327959
3268772161
3109827983
3215821669
3149582623
3112829422
3147169062
3151367171
3217080233
3378150801
3100694767
3113990286
3233953812
3109373371
3108778317
3070862130
3163309380
3057275906
3198248647
3123462915
3165663960
3257665784
3155035230
3210572842
3064753145
3082074285
3123038077
3297744957
3142808620
3050130558
2974598864
3385950334
3072927171
3119443667
3289712656
3109818966
3272622659
3222970223
3140045192
3098348046
3109419823
3005560108
3183312775
3119645463
3150805330
3299272590
3259100348
3170020007
3172873008
3176285079
3392161463
3222941667
3099273026
3302985810
3136387192
3162450208
3189003575
3190719966
3149901723
3174342445
3278996665
3120073652
3151894776
3244805038
3246406490
3106180736
3353439673
3246333595
3310301134
3169727248
3326379542
3166200362
3260337697
3220631186
3123707726
3123970077
3172625872
3073257716
3084216959
3330980450
3249559274
3391798736
3249649758
3197426845
3302237148
3222244164
3161398428
