49741737174
50270213638
49968406402
49698761695
48477521670
47735769218
50722202815
49753007284
53019437124
49499298527
48801431695
46247066659
48575692770
50354256379
50958237183
51311233313
52020562536
49414184204
50988706444
49650797958
49854983602
49310704954
52182235810
48876012344
50478882404
49007595583
51450006030
47037257608
46944085131
50579709453
48676060924
49192860490
51786845844
49881683254
49410338025
47703537403
49390964558
49582860609
52171695844
45276275848
45027286031
52683644281
49843355855
50601842140
49341598372
51158124601
49544691679
46611270016
51034732478
49229152604
49860878384
45719217560
48637769342
49172079725
52102522797
46053990749
48054979733
46874566511
46807876393
51500538647
