3012685758
3047132423
3109788846
3089595001
3185134150
2956810491
2859362190
2876424727
3038011854
2960617387
3037198418
3035651045
3051538145
3009611716
3176734726
3093739283
3136502369
3274517064
3124441525
3237055180
3104136335
3115712550
3005427825
2982488321
3106519407
3027797259
3100586332
2991511029
2991258621
3091628881
3043963999
3252667052
3129527457
3204632350
3037939496
3105242349
3111432672
3176080072
3124107733
3115444173
2957877135
3191175640
3227354240
3108002524
2971525704
3163876418
2993446942
3009652550
3044367127
2996900094
3094797152
2989264775
3111084476
3158778115
3024765960
3034661342
3083837120
2943846214
3122752994
3048243044
