2768786183
2786197626
2833912364
2759300737
2760116969
2758400226
2783304588
2788170774
2704878935
2829213280
2841321304
2696586168
2722211834
2776785147
2777362708
2757942091
2795370167
2778911634
2751400558
2756033705
2736665848
2802222580
2822541209
2804294106
2806377289
2809045871
2843483478
2840352269
2825077286
2766308615
2720494508
2831254918
2790626832
2749285717
2904833556
2782071620
2864793990
2748522790
2819470685
2739826054
2715121006
2701809008
2791489484
2778934307
2802794791
2749025470
2754121317
2736817632
2723941358
2784515120
2857340696
2739040574
2751638347
2755133957
2849237616
2796639088
2737225380
2810985480
2777308386
2761231536
