2.0003818510009803
2.057121019297018
1.9723025472047067
1.9700821512995645
1.9618717359643416
1.9220500784556067
1.9512189249440783
1.9593057460966758
1.9140330432911055
1.977084406126457
1.9891418756257655
1.981958782903817
1.9634453204947384
1.9841600381190543
1.9541445495535195
1.9346635079646375
1.96955230414004
1.937544454709161
1.9502479822574252
1.9534701501374596
1.9405061162707655
1.9870082667107203
1.920361439725949
1.9737679019922127
1.9546236176660645
1.9345581966429315
1.9339123862912106
1.9514696089432837
1.9705612786737854
1.9264327424114998
