2747457307
2686664428
2703784904
2733047336
2675186943
2693870630
2612774733
2638975124
2599292037
2598095305
2637543900
2688157198
2630288921
2649241617
2659837925
2681425613
2713503276
2698467590
2643491777
2617915834
2704746933
2677289822
2688627533
2654872488
2684386886
2701287147
2730700870
2674137562
2652089269
2676746986
2063197796
2086677883
2101783007
2033994106
2015401686
2038521054
2055879466
2048812743
2111383396
2059338987
2038618157
2038117691
2085809457
2013439540
2030046427
2064460599
2043066982
2032789609
2043500704
2060556850
2018822135
2047635595
2078686213
2080345190
2077299808
2049956691
2073196879
2065246759
2146081309
2102441371
1930828938
1914777596
1975632762
1939765057
1986427262
1907759766
1952475000
1924153107
1906018635
1977648551
1913023738
1879341635
1897219203
1928764478
1928952945
1917933540
1894376327
1852027613
1897942048
1951888505
1942950382
1934437896
1887646972
1897239204
1882621099
1944482426
1925631443
1934343310
1940156705
1912065442
3250773072
3273767209
3350236016
3365935575
3232205554
3282072165
3338917106
3259143930
3283608662
3290902871
3269961765
3287742973
3195177743
3296734605
3300749969
3284745969
3316457431
3229689955
3266361884
3262847277
3300380582
3252111045
3233759034
3286178168
3308788532
3227044277
3239482572
3265952741
3224710595
3212346958
2010874643
2049303722
1980177538
1953961245
2056246320
2042707350
2026150284
2017158947
2018077243
1985425037
1968904036
1964714834
1992992385
1959816006
1972695300
2017323306
2015957915
1991836673
1987579879
2036155036
1991752744
1936025958
1943076491
2027268158
2032041940
1996372509
1996108833
2015604085
2008434159
1975662178
2061108516
2046282266
2033985520
2076023246
2098848397
2032884454
2030965292
2021756942
2043016235
2073317983
2075864499
2036924777
2043654661
2005019100
2050912998
1994520910
2030125420
2044633253
2077368980
2042360895
2065298014
2039290966
2032190938
2049799346
2043455068
2083385572
2035682914
2051378917
2019166032
2056991147
2542514331
2596999745
2603851230
2667979243
2672660978
2655144149
2658089728
2675142394
2700305409
2673496102
2661319541
2704013978
2684700109
2674260877
2608905248
2646010914
2677573714
2688067103
2626911626
2681329750
2582442389
2665335467
2663764562
2640693033
2616713942
2596932926
2653929077
2652031090
2619320479
2590375166
10737517287
10983411394
11448488923
11017358908
10989715940
11041474403
11245893327
11008253870
11281464188
11216742326
11463670079
11078483823
11152021169
11061702927
11058360233
11384222307
11096838512
11080595370
11186891370
11044972426
11135761073
11283686111
10872514820
11208868703
10850416801
11315010358
10894350529
11131106321
10993656431
11023748391
11293371363
11740342651
10954169044
11160559047
11240013425
11283861913
11189017047
11223050758
11306623160
11332881417
11260666667
11754408905
11264860788
11349476543
11101192984
11149770048
11351654484
11197637795
11331272817
11130828231
11242064823
11391772850
11271442276
11384048217
11052458053
11196468279
11275969554
11338669294
11062147409
11157010900
7646535466
7642762149
7705681072
7551982135
7517870343
7347941278
7338844720
7310281240
7300777459
7340865406
7562139288
7541550836
7606595525
7513315453
7464679227
7413655110
7420531603
7250320804
7391654149
7371570885
7441057672
7428963253
7494961137
7309606974
7334226840
7543771570
7338427015
7345536206
7661960517
7760471642
7006760318
7285729104
7214314907
7150467235
7160733657
7275609953
7157596239
7050452966
6995261581
7122862369
7366911894
7093211944
7511849022
7528729788
7726958472
7538038276
7512716432
7459520166
7558101291
7523386443
14582463709
14556990305
14058273302
13900880937
14330941950
14140893056
14072152907
13989497474
13997677139
14086024688
11386687264
11279468499
11470973284
10747523351
10768435223
10924954165
10782795803
10613790439
10532573786
10639548613
10931709199
10921398523
10903585146
11143634298
11123625201
11128821057
11416838237
11155840511
11195176660
11131792497
7530436141
7438623691
7556735273
7502743273
7548428494
7569830557
7441459300
7608079715
7534964337
7474094837
6800131853
6826744085
7187471805
7064920551
7198906559
7023012972
7266837075
7226794838
7267855173
6988262087
13898673619
13826299902
14422331416
14255052167
14237980436
14265037326
14181902174
14167390273
14411670620
14395810235
7522170973
7499776697
7098763028
7177074632
7216903071
7259200295
7167413661
7247611992
7249573058
7284545031
18291081383
18402483374
17499620626
17771473092
17913927762
17472162609
18065286905
17595686052
17303425647
17359657597
17700104112
17805211782
17694009586
17468071672
18171874833
17680833599
17590964683
18054941513
17747479966
18257097607
17968196147
17677452813
17899673025
17512125120
17942573545
17950052593
17591995258
17554079173
18117553630
17860960432
12265743211
12010355551
12473958006
12310958038
12514815357
12286591216
12489837375
12133631033
12335679263
12490399945
12251826096
12121257461
12227151082
12454908225
12518760553
12071531779
12055847489
12052608794
12327209852
12207144043
12100902413
12488083082
12372540114
12405717717
12235455842
12427250021
12575396712
12396498565
12243764068
12212535982
11271400996
11157159048
11017736305
10947139396
10878717829
11176504407
11402938587
11013928973
10659145700
10779478201
10784123633
11073363148
10926117966
11026661976
10873428069
10833942549
11093945122
10877566341
11116901585
10782238229
11059160684
11153088411
10817162107
10891684296
10832649316
10856762358
10838928672
10898924970
10796667330
10920923360
11295401836
11386092989
11227723142
11467613370
11293354530
11060922674
11419436349
11335047436
11165560617
11335964186
11223230577
11404313066
11314677694
11325712196
11375913530
11132159200
11202480808
11350512236
11512805316
11408907583
11290326266
11435063405
11299693087
11417458602
11411245676
11494602703
11406640329
11145919643
11459113045
11647846715
