376437930520
401089244169
414768005417
381573061383
401007011120
411801697475
417195934837
395722522784
401417590103
401608017451
387004849855
378779827633
370018100044
363550923417
402766241002
404990722777
396886807993
389032718366
390717943081
389608021015
390420404742
420966254900
414880851785
416583612812
412424824833
410248369385
396350649009
415210163934
407307800452
413617962625
432378412027
433210356282
458431838371
444034083912
428569383156
431714530962
450760099455
436124216066
421667551678
375326920991
373055742331
379450225220
404018409222
383723223637
383718312520
418819909094
409516586939
411687099081
413843796994
413791180247
408944205709
405536036333
405305759177
402498421418
399383657891
408699458051
412013675600
395451055098
398783711817
409211345194
