137798788321
135908491830
126707415871
142011283362
116090949556
155083030168
133306109278
144178670100
123053705839
125388551812
118396832743
136192584619
132363075253
136947277259
131568047907
119282635892
134173655717
136506607407
138730958894
111266992855
133875262113
147197343345
153649000802
125291173020
138026452878
121593878360
115216644657
141152013611
168839222803
145011052966
136000946328
133790704877
129850237486
127124533156
150648179490
124057044647
126890126387
146339422191
152145949902
129313164655
134262128360
142580140290
151924711660
142835712536
122633872670
141747578772
133767383035
121118451817
122916175428
127789605568
132360873686
140483375303
138086176098
127073638751
146611218932
125251351139
132259879652
139902930339
122886738823
149028136868
