15.334037036727619
15.19500562894805
15.773014528880758
15.46322819775267
15.214513556694206
15.015089728746602
15.349659633574001
15.0021589516579
15.306842402919571
14.932952922840013
15.880056146414251
15.841225903434895
15.270892143489032
15.31863071100186
15.6664194951438
15.581831446230373
15.145373642614452
15.475533205285954
15.499288158971694
15.101217450179098
15.16205192082184
15.364619323205755
15.093757369094348
15.44133236572145
15.628610060341103
15.746775325123485
15.220606993544822
15.304387511326887
15.354309086570328
15.277829105533138
