19179951834
18914896488
19922834218
18697357479
18682727031
18774928817
18966546371
18984516166
18883908542
19070920665
18585309167
18531306582
19178778365
19637377473
19213909935
19766906837
18140815967
18937871310
18542314935
19125494360
18832247609
19579669572
19262249699
19725632392
19515827634
19190801439
19230329121
19606603433
19370799085
19534836904
19047111351
19171496891
20042870440
19504671553
20147512688
19076994056
19183740194
19901642605
18861154834
18239764954
18715579834
18837342693
19098949610
17893898512
18893932693
18461972810
19046486642
18749703120
19080429915
18740791601
18615672329
19326858768
18963924301
18507982348
18888766720
19160182274
18876697822
18647527465
18812879551
19288800685
12078210346
12235012564
12283740417
12346424376
12446943024
12473331298
12374464256
12396436291
12087744220
12197375319
12169721843
12611315400
12473759066
12409121788
12293878109
12551637210
12624715305
12459420447
12473226733
12423219552
12155279631
12203318949
12586994810
12403260857
12332394087
12298799683
12664247454
12374241774
12242761108
12449716278
