26.071971325310056
25.474315256060393
26.36896900909269
26.248078285741943
25.877930054778925
26.219300290057916
25.546168385725327
25.457995878848983
26.512819375774882
26.55924701632028
25.653281020228274
26.192755386489093
26.66807597785446
26.353074220875584
25.170231271521143
26.403679591297468
25.803357628023793
25.79334086335675
26.094012416915753
26.567981374446966
26.69614523264563
25.63160367760447
25.949642679725777
26.586156646125257
25.916706564086372
25.700779142033493
25.738445345697748
26.056187566339545
25.92219681592259
25.817585654431397
25.720449123708768
26.90023015438881
25.831794296791287
25.77202673944285
25.729813802384882
25.680746223309026
26.951997564524778
26.595627784789666
26.3879722754335
26.3468305933782
25.69958210698366
26.596653715167285
25.60155185329202
26.172039098339884
26.19178993694137
26.08811834043031
25.832728153804542
26.001995233469334
25.815573416570093
26.638555661269375
25.959605836216937
25.78200817070314
26.58815042943973
26.490231216514076
27.0289334139191
26.043187291707227
27.07822594339589
26.05149544620528
26.14995857711265
26.127718660670702
