621276800973
610778898378
611451746003
609085651504
615721296451
615934357626
598377203432
593774799892
607034663451
588806616678
593863585918
587130969671
602334029172
599459258991
607556770096
597493912135
605186807735
593629028553
608652564478
602277891853
606816700678
618377579704
613816247241
608244476526
599376105580
595408142915
572481825866
589141573659
600082205836
591258438536
418577653761
398999901390
395829815673
383290602120
413624724233
426282730990
377427361814
399441530328
379117390333
398883428191
390580027782
372846217102
394466480484
394828764605
398559538971
395377556847
368757701899
398605846974
378286213575
375380764721
410018853337
388308021477
387571487206
397961423399
369983256699
401988639902
369255146985
382922541239
402212211630
375493257403
727482415192
724418897635
714350074581
724733889447
722884102752
718253727597
719073633936
713662023529
721750601108
727949148021
711384833838
714495376665
726453064111
724193659604
724328651091
737324439927
723389462785
740620923126
733546898046
720239168904
713478150504
728433421978
715608888903
725516952991
713435675488
723670706749
710666580683
726606982458
727205728151
725827322477
408400241672
420290021076
401562356476
395923234907
410407405298
411124359101
405585088255
400366944132
385412563523
409541428085
403523751038
398732365759
408250756851
412355683740
392736946099
408906656414
426164263933
403944539106
397474601875
409942747567
410781681067
404997511067
402108519511
420036644422
399282864402
424934555097
388279082795
396873981036
400833506162
415257531997
622862824503
628089164157
629666478463
593036721480
605066128008
604050631869
619418469456
610884343705
622051922003
627293434540
597157168260
607184651247
619057897125
616136038199
618027690262
612776121355
604028610876
611486334656
617702994869
617646435527
599549881790
606950008933
615467195571
621073365341
603234381875
605811937561
590071940821
605133021292
612757384731
607098922847
461550051037
453205009376
449386793336
466223313944
452371646462
461339438395
453727425295
457912656040
463253542074
424421570932
452238532013
463135130933
458972078740
457356432046
435928781249
448115497893
443754277659
452024525822
436525665323
466268086332
445179555476
463218919685
455789066236
442028641990
450215823039
459870902097
442348814962
444860213757
420886633155
451471595812
416619137778
380052891063
426047536413
409421852286
424855055712
424801517012
419041503127
402546998135
406979140166
408145044066
409039463889
400178620745
405086590256
415118476768
410084937405
395575947543
403716004724
407049819440
413331001837
382327790660
398194871222
399737857956
389949605162
421219763770
389487794367
401405077880
395530683495
388733908143
411929416999
389466143954
795619672645
765614642756
763361720629
777374727832
775927724339
773724790466
766440542784
781173611785
779100207358
771143737920
766435911894
787498542768
778119194618
775608743458
761942321908
755381235949
755479495469
751312906154
773348908841
761140793876
769161526015
769238078075
779933036548
787124296620
786530579878
777108424905
767884004220
780247024580
775495118536
777914359315
435944276689
424414081340
412409522190
419207090388
408804383149
397176398253
418247406877
414831182752
422259750331
415114725972
424483019620
422711870678
419515253371
432972172296
438948919149
417884774272
414355586161
411277969188
443136926897
461577480128
417916697720
420713974961
398921928871
411590426385
423913807243
452638904977
443325740386
427657963430
423223776355
423399267457
514624344023
514029166874
513920133357
624266137650
625636846768
595542503243
619166422810
618146370029
614509662638
589606394076
612693179875
624833820682
622267056240
625745050363
625027504353
619382951833
621412200009
607913800785
597672901298
604988686943
626112349548
609277580105
604582308556
615288368540
608926353683
614808882335
607884177723
606914942008
598887143306
596896081056
436015682057
462685985394
445614090901
449154712226
401954272634
457150106117
444611739727
445960750561
436423108771
442134718623
445205557270
440615053276
446977715807
431213733312
435308997936
433021340008
436143769625
441331028392
438891581671
451970600264
444292100655
420400404808
443082942538
450874597020
445963092521
452276026059
430643167269
451797085880
451430394624
459286767685
450885399436
406153677765
423598815140
410376278495
430719871961
410453129064
421281749637
402285564282
408410368199
406947688819
414061551750
421492121175
404411327402
405486019480
407235383558
418720724599
396547909405
406178721659
429304962930
431786750375
395942710584
394045557634
400653492775
412152759029
416555928990
418161844312
408921143887
431749643581
405640397842
407572590297
753512091438
780175344469
758374381297
767423675858
753029772555
757073462017
768917407064
747930429165
756194932792
765983492755
774759101931
750933380587
760022513354
769224659696
763628492510
760078973403
756131736133
745114079229
768892288164
768934991298
762248751177
764699877474
758716282533
753939551042
749123553419
749711544635
765841897703
771633805451
767838203780
754721492769
464874012525
422410665879
432551385216
427860233703
418678736612
425225825339
424000560305
437824852490
424229751567
424868700924
450067359981
422589761950
428875061006
412567102300
408478661772
441950012625
428721954959
462269298796
428181875917
443181245979
440923749173
472036630241
465034175732
437635853377
436309725646
440642105243
429404455333
435402257577
421239152355
425173471233
