136316448750
134126477471
139586173963
134929610785
134813344675
133320909016
136039783254
131763019050
136917183753
131894587688
135454049300
134663623909
134985510964
134112754961
136993815344
134667370871
137182510119
135073195416
134651265740
134220079060
135479640423
136266412675
135151832307
135003338405
136719362142
134929198855
139557258306
136889973217
137353705299
137643332598
133974304258
135419801051
132762573246
132994738370
135563650981
135394470167
133907009018
135535748435
137478950502
134096917969
133952271909
135518969678
136200135358
134984431426
135096362826
136439359698
132801683166
133869163279
136808331970
135839506708
132353537994
135155017515
134129232201
135954388036
135561053640
134510872401
134935084647
134370239897
138518221277
132394940402
