1068381633
1043604913
980951904
1030119013
1042734042
1041279401
1041869524
981001464
1031396223
1017852023
1052973329
1010926763
976468163
1015620062
1020290888
988204202
1028060471
989980507
1018917679
1041726112
1042810723
1004928283
1019816968
1037262203
1030138860
1009528838
1031602847
1032315738
979085385
1036642777
1037412617
1034246398
1039325299
1041769827
997717154
1022084346
1006368343
985145771
1021864218
1021915958
1021523778
1030886178
1044687415
1015828840
1037301643
1045346081
1035420619
1018121646
1037130202
1028578856
1041376310
1006385552
1012461023
1033598270
1010497767
1040533111
1027365288
1050833223
980046873
1039031562
