25.13039089157952
25.522884559567554
25.930160692553812
24.623113784522214
25.483274008545358
25.162445070727074
25.44720685592234
25.347089967369868
25.568470880286505
25.8869449595214
24.83432370745244
25.9629792214159
25.162825848198256
26.33730568802864
24.748869866410246
25.706748109158028
25.824085557229203
25.994549403939814
25.3319268888695
24.842009542492214
26.586797500662524
25.57290964782823
24.638922153616246
24.89716414831894
26.01990012640873
26.007624348226656
25.450884436178505
24.84960520603461
24.956351097447477
25.05134740393482
