1036098598020
1018727075077
1036806054000
1032474237486
1012800515420
1005724321433
1016339359349
1031917488693
1038136345395
1019805068047
1022014514834
987753999731
1001879737325
985521934676
993146360287
1008688855413
986746151641
1017980710354
991200761380
998503322871
992048675536
993227571341
1014571815948
1020786051587
999055880717
1019559718792
1009653497436
997969625767
1024511619205
1043136579206
984645817486
1058208445683
1032261547878
1046815974201
1051010197228
1040616312964
1050274328699
1048838131527
1059652432710
1026171539916
996787832544
992169912738
1001803883351
992695229666
1017452773827
1023486340732
1041660407475
1016509651314
1021225874542
1029568272383
1010945794800
1022947756110
1023104880377
1020220730734
1008114667960
1023964014977
1019308430683
1024720040419
1017451756295
1030536771995
