3205870078
3132717856
3105557200
3084469124
3248137095
3195255224
3203216146
3205581246
3090053736
3120226017
3094735914
3199941729
3113031852
3317819939
2998655227
3231982824
3198624615
3181968367
3227777675
3145953919
3128809252
3188345179
3267745031
3160954559
3227233628
3182605902
3108859993
3142387915
3266304746
3187787231
3142424899
3033759293
3259349142
2986839854
3213415690
3185189059
3205008561
3174557901
3293187650
3226367088
3174409388
3123058871
3183595482
3189676793
3320424644
3105195701
3025745962
3119285120
3445371439
3090725169
3092987522
3256388625
3203963746
3139377735
3156664244
3251453718
3025357593
3182444310
3166605021
3115906322
