776953139
783054663
794576542
823934225
846532693
767294336
731669438
746596271
778898533
768705141
814371051
805185302
808893405
766163506
825957673
810750182
828016421
882249197
825574431
859132560
819707268
802980981
790026573
798183252
825091711
790509198
803753982
757953877
789231515
796575704
767218409
852221105
830683426
830525181
796214466
825677598
790096756
842693257
822003150
821337167
774444242
854393286
852867700
829884736
769569778
818122507
780777275
798797403
812353022
773420079
825521963
794198741
821287400
819166030
802091285
791320371
803373273
753521599
825646719
795305041
