14076603495
14510573927
14221385947
14877655790
14591942691
14611413229
14122165644
14993240744
14350955445
14029119724
14631786864
14114899352
13840858814
14178686234
14236746587
13257721348
14299611791
14769005071
14381666492
14231387847
14476296249
14170943664
14156060068
14163921863
14284494276
14371120408
14261964357
13976639931
14234514159
14413573820
13945036444
14596193320
14091174565
14161732525
14693356880
14026546669
14241770518
14491994695
14537931619
14155296134
13882047264
14256345702
14115945798
13585553135
14133520946
14367558501
14358105469
13864961716
13771214617
13876781673
13746147923
13818191917
14419339684
14231469690
14025745653
14227425275
14277876587
13714726252
14343301209
14097699179
