260257849927
263601669118
257984199608
269286135291
253769816178
274948328228
261291352940
264099672032
262165015796
265180547836
259988776822
260107538375
265655876916
253257778555
259654194574
263986656412
259628487984
273300254717
251935922956
250775392820
262081307091
255668401292
260147531671
269640953514
263901773075
262022623433
263903185808
254680949639
255924887353
268826353852
255301353387
254931356313
261095970746
270572554484
260503262017
259574082233
266583456553
257879604934
269345004908
268905946811
266044473424
268284187751
264505683733
268804729565
258560483173
258763521175
260309195385
258014098040
270815028946
274699555946
264743456621
264660291827
266155667614
260009755545
260216374876
259585417418
257738861506
270769204885
270303160153
275560442996
263233873037
261352134923
263733289626
263127630058
260487922229
256274053562
259530648223
258109438716
251814324509
264047099368
251251458506
265209470494
251512983871
253432718621
241831360883
256138754239
272297878946
259454933998
269818232077
268711986004
256837160167
254328989996
258214596400
264628433108
254968916049
266594435390
256983852226
257306680539
251562826178
259333600919
270659571912
265034367865
247687084679
266395281632
261371196109
256773825036
261560112801
267247104597
268462130066
267000193256
266660234677
264090222672
269028916723
261617919314
278388299499
273188792431
267303353570
268853722424
260494846161
261929509966
243139987644
265065945091
255580098649
258092870306
256288838876
266213700517
252310406763
270771370323
267496661679
269702991351
267671961577
271662489884
260725321641
263012834886
281903267742
272961136681
267000036172
263519407490
280813138298
261582542958
255977980871
275412204517
265614794890
257969515487
263703961291
253890627060
258139833754
251618618345
268132367696
263756250301
263187175740
264789772519
266927550360
267794222732
266972278521
265731254116
262302094520
262242293410
269953440483
254431210480
265453268553
268382858048
259957038187
263928733893
260280898428
248995100939
256725304154
273647156553
275546711438
266764896512
262725288962
268257412745
271500943246
264240935174
267666332830
263944885742
260790401740
253197450615
270923048631
267986870833
264487372764
267395904651
262756544651
270683824354
270718858394
260544442156
272173789211
270172888690
266063084352
269146406191
258396627163
264155030656
265504883470
258935337863
262939834168
256044677805
265913014905
265518771759
267366960004
248019421048
261395068548
274756807506
272063359524
250498840576
247948273625
270469511180
245249077810
272222539935
269369731972
253857864511
284025287500
261912641716
264527595810
259911704168
253079747642
252707760561
265754296002
258288027272
270979276718
259690293922
262518964414
255023585178
268460459008
265722625740
267850743103
266509897642
267217544610
270058060578
265693695732
266195668499
266732773939
261869532628
271972107654
260614352874
272918535202
262855330500
261140117514
250540076974
261900662015
265387166926
258016413452
263665365301
254298311080
260534824253
256222946086
264937568339
256015472413
268710456070
250513732264
258285877733
256161950020
276014792795
261468146078
260449263561
246540469791
250878269061
261734162751
258843151473
264539938675
255819887549
275262519466
262785597966
262032339488
260289497140
268601248970
267142790943
254208017426
269723209887
261150517732
259522916486
260039300150
261428483583
249664558747
268257445460
262739714660
248324791265
250649040734
265726047245
277333788697
246734072857
255005122721
266516528786
263012804846
258600561970
267310127439
257194777461
265913005717
257504233981
257225876665
261851917013
260735765979
262835171264
266005749152
270104717257
260608537966
282024080107
255908737022
263199415793
255124000710
258366826269
273790446211
261403850188
268567043599
261177346444
259637106013
270776973591
270669552068
259815889615
272999349824
264998575422
259106134889
272074998706
259439813318
266099708778
269804078396
266144491214
260402654553
247596944609
256189047423
248617492762
