190  224971.8785151856
190  221582.09616662972
190  230733.73327180435
190  219202.10434020168
190  224114.74675033617
190  231803.43069077423
190  221680.33695411216
190  233372.22870478412
190  227479.52684258416
190  230520.97740894422
190  209951.71110644552
190  224567.70716370986
190  235626.767200754
190  231910.9461966605
190  231320.8420078649
190  224870.69934787496
190  226860.2540834846
190  222717.14922048998
190  231267.34505087882
190  226346.76324128566
190  231642.34422052352
190  227427.79167614284
190  225174.5102454402
190  224014.33691756273
190  214592.2746781116
190  228154.23226100844
190  231053.60443622922
190  243427.45861733204
190  234137.20440177945
190  227376.08003638018
