190  226346.76324128566
190  226295.54197782304
190  230786.98361412415
190  220994.47513812155
190  222271.6159146477
190  223713.6465324385
190  222321.03156958648
190  218818.3807439825
190  219346.34788330775
190  214638.334406525
190  223264.12145568206
190  218722.65966754156
190  224164.98542927596
190  216497.0772894566
190  218197.6871045167
190  215517.24137931035
190  226039.7830018083
190  212494.6876328092
190  211014.98206372652
190  218674.83052700633
190  190186.38265500191
190  219876.86895338612
190  222518.91410769915
190  214730.51320592657
190  216637.78162911613
190  225022.50225022502
190  218722.65966754156
190  211193.24181626187
190  223863.8907544213
190  225174.5102454402
