70 188763.53498107698
80 185587.83130501932
90 180720.78579661946
100 174891.41804448378
110 176058.23267872006
120 175813.03829659807
130 174207.17413096895
140 172223.94355613575
150 168895.62255643302
160 168441.88450142794
170 167221.46339199765
180 165938.78227998735
190 164641.47040710735
200 163744.42929813126
70 163587.13243151153
80 162124.67252045614
90 159830.34948340483
100 157294.74169144532
110 157880.3948557612
120 157514.8226319048
130 156948.719515088
140 155829.7305265365
150 153650.1773084653
160 153342.639666933
170 152479.5196997916
180 151635.5124465711
190 151066.04929347796
200 150569.16236369542
