190  272160.68366763735
190  273575.3563319016
190  271201.1498928755
190  274265.6537121856
190  271488.2988543194
190  270292.185852907
190  271134.9709885581
190  265139.46335772617
190  271879.5030042685
190  272249.5984318423
190  272123.6529879177
190  265999.89360004256
190  271076.17240444565
190  269549.0444486374
190  272843.8514638073
190  270182.6434669837
190  271237.92991211894
190  272784.30944652064
190  266823.20294572815
190  273395.84985099925
190  270841.232869292
190  271805.6046315675
190  269650.80221113656
190  271032.0901994796
190  268615.02095197164
190  274288.22206374456
190  271849.93883376376
190  269157.2685920383
190  268024.6582685607
190  268831.65761600086
