190  222123.5006663705
190  223214.2857142857
190  223563.60384529398
190  234082.3970037453
190  228050.1710376283
190  233317.7788147457
190  229568.41138659322
190  226860.2540834846
190  226449.27536231885
190  230308.6135421465
190  198728.1399046105
190  226603.21776569227
190  230680.5074971165
190  224114.74675033617
190  228885.32845044634
190  225123.81809995498
190  234521.57598499063
190  232288.03716608594
190  219683.65553602812
190  237529.69121140143
190  236183.27822390175
190  227221.08611679164
190  223663.60993066427
190  224416.5170556553
190  230149.59723820482
190  242072.1374969741
190  224668.6137946529
190  233863.42376052384
190  233208.9552238806
190  234852.04321277596
