190  140440.75927892097
190  137466.49254244278
190  136010.01033676078
190  136611.08872207158
190  144148.71534664882
190  142163.18343173395
190  142231.72962317127
190  141711.70737099275
190  141754.29444635025
190  142579.11358565083
190  141612.1695834053
190  142685.5125691668
190  142273.21294174055
190  142117.32069057648
190  140936.18268711746
190  141862.28293297434
190  141381.72358459223
190  141576.88332649044
190  141610.5652810545
190  142143.38002743368
190  139460.87216040233
190  136668.78047713803
190  138859.95973061168
190  136471.6350530124
190  138813.50544357163
190  137293.42488058904
190  138721.07492186537
190  138858.6099975422
190  139101.40492418973
190  138828.15157257588
