190  197618.6947285213
190  196218.86251925398
190  179067.06061420002
190  188088.0101417055
190  181544.87426202008
190  178136.90177174963
190  183327.466854394
190  179816.0122562594
190  182782.60933141777
190  182415.8424510852
190  180972.87397591976
190  180944.05752573477
190  181572.5636593408
190  183306.29565472426
190  183950.3334099793
190  181890.9381934592
190  176434.678588946
190  175943.5854487617
190  176247.7902933292
190  175946.3715459528
190  176211.4537444934
190  176581.1072341748
190  176170.7870077568
190  175869.01275929686
190  176864.68436728427
190  176533.41336181405
190  177790.1045583605
190  178039.8524405703
190  178352.6281151516
190  178143.24854902324
