110  231245.95319581908
110  219038.85749331932
110  222995.27250022299
110  227334.72765299628
110  208138.2037673015
110  221170.43393639138
110  219891.37366141126
110  217974.14826601566
110  221214.46742616966
110  214307.1450002143
110  218045.4406698356
110  205647.0685010385
110  206189.81834677004
110  204465.52711212888
110  205723.21997983914
110  210966.01337524524
110  212219.60484709576
110  209051.94940942826
110  210535.18042864962
110  206547.55757513168
110  202269.46337911364
110  204855.06504148315
110  219404.0984685594
110  219577.53282684117
110  218421.68490487736
110  220186.7183371499
110  221847.5463661372
110  212571.4771591948
110  222093.90130147027
110  228367.85494073853
