190  146083.50132935986
190  146164.6398503274
190  147247.2133464874
190  147082.61630557885
190  145940.66052742954
190  144675.92592592593
190  146715.7675435379
190  146008.84813619705
190  145900.20426028597
190  145949.18049535152
190  148023.15082078837
190  145566.76419639867
190  143264.42314580022
190  144617.342511714
190  146130.46527940145
190  145944.92038704592
190  143932.52443254602
190  145694.01343298805
190  146233.03696771176
190  146006.7163089502
190  146380.73629510356
190  144494.05406967504
190  145751.34819997085
190  145917.23574388606
190  142706.2819305306
190  145081.02775400062
190  147470.8745022858
190  146672.7291394711
190  147307.94726375488
190  145505.34004597968
