170  185576.95876479975
170  198231.77258851047
170  205858.73973279537
170  187888.69473723767
170  189043.06400998146
170  197831.76386800664
170  198121.80528588977
170  201426.09676509688
170  195453.74587103963
170  195449.9257290282
170  189991.2604020215
170  189307.8903528699
170  189365.247689744
170  188512.0741983524
170  196448.21625019645
170  196943.43784465102
170  190890.69598747758
170  188789.66942928883
170  188015.8685393047
170  186178.13523979744
170  188950.19272919657
170  203301.61828088152
170  200380.72337441138
170  201199.14691561708
170  198412.6984126984
170  201572.26365652087
170  194760.93095724998
170  206534.75980007436
170  203541.6242621616
170  205060.9030882172
