200  212269.15729144556
200  211891.342119761
200  216192.84401686303
200  219934.89926981615
200  212219.60484709576
200  208720.33562229967
200  218354.91407734132
200  214942.82520849453
200  204031.6657145189
200  183032.85439736434
200  182023.37180093923
200  180648.8908158104
200  187620.78087769
200  185490.90167127302
200  186091.51980944228
200  198467.82836502203
200  198184.62880019026
200  197048.21769887093
200  198412.6984126984
200  197577.69742951417
200  199632.67587638745
200  196409.63192834976
200  196193.83951343928
200  195955.47891519047
200  196652.9665099998
200  196986.11247907023
200  194529.82142162393
200  191018.3186567592
200  193599.59731283758
200  197902.23629527012
