130  227081.77214614983
130  215805.60231343604
130  224451.77653581128
130  223413.76228775692
130  205153.45478417855
130  215814.91712707182
130  217396.03034848583
130  214325.517596125
130  213780.27663167796
130  214670.5879827405
130  215847.52530812233
130  203856.97394707872
130  203487.78055877745
130  203616.22414073953
130  200440.97013429544
130  212612.15291066037
130  212183.58123448407
130  204027.50290739193
130  202675.31414673693
130  202712.29044616976
130  199940.01799460163
130  212639.27872756656
130  218455.08563439356
130  213142.35778076178
130  214813.54184567794
130  214901.25287430425
130  212278.16931306783
130  223813.78692927485
130  219505.2351998595
130  220872.44616234125
