200  244678.24810374356
200  216731.6861725184
200  233317.7788147457
200  237925.29145848204
200  233154.58148752624
200  238663.4844868735
200  237022.99123014932
200  228623.68541380888
200  234962.4060150376
200  219346.34788330775
200  228885.32845044634
200  220701.83182520414
200  223563.60384529398
200  227686.70309653916
200  235349.49399858792
200  230467.849734962
200  214730.51320592657
200  235460.3249352484
200  231535.077564251
200  221043.32449160036
200  218007.41225201657
200  226705.96236681024
200  230043.70830457786
200  222123.5006663705
200  222271.6159146477
200  217013.88888888888
200  217864.92374727668
200  220555.80061755623
200  223813.78692927485
200  235017.62632197415
