130  245700.2457002457
130  254129.60609911053
130  224820.14388489208
130  256805.34155110427
130  246609.1245376079
130  263782.6431020839
130  235349.49399858792
130  257069.4087403599
130  265463.2333421821
130  250375.56334501752
130  255102.04081632654
130  241196.33381572602
130  243902.43902439025
130  249066.00249066003
130  248570.7183693761
130  229252.63640531866
130  248694.3546381497
130  251382.6043237808
130  245158.12699190978
130  252908.44714213454
130  248694.3546381497
130  251193.16754584276
130  242718.44660194175
130  240615.97690086623
130  246669.955599408
130  255232.26135783564
130  253678.3358701167
130  252780.58645096057
130  256147.54098360657
130  259000.259000259
