190  289034.04821087926
190  285567.4224684448
190  288633.6084973734
190  288541.99728770525
190  285534.8066929359
190  289293.25657418923
190  286763.0190410645
190  285836.7871945119
190  282885.4314002829
190  286303.2524049473
190  292997.3630237328
190  286590.43361132604
190  288442.1240878018
190  286057.5547800217
190  282757.4506588249
190  304016.0520475481
190  302434.5985180705
190  307578.7401574803
190  296656.67922513274
190  304794.4161662958
190  302571.86081694404
190  302160.44719746185
190  299796.1386257345
190  298498.55228202144
190  306644.9970868725
190  304145.5032087351
190  299266.79634894506
190  295578.1508630882
190  306720.2404686685
190  296226.07974406064
