190  202593.1928687196
190  239750.65931431312
190  229673.86311437757
190  222965.44035674472
190  226244.3438914027
190  231000.231000231
190  233045.91004427872
190  223763.70552696352
190  221975.58268590455
190  230149.59723820482
190  232234.0919647004
190  226193.1689662972
190  222321.03156958648
190  228050.1710376283
190  227842.333105491
190  222617.9875333927
190  220604.45621001543
190  218483.7229626393
190  215656.67457407806
190  223563.60384529398
190  220604.45621001543
190  219538.9681668496
190  210349.17963819942
190  222816.39928698752
190  222024.86678507994
190  221631.20567375887
190  224719.1011235955
190  224416.5170556553
190  225988.70056497175
190  231803.43069077423
