190  230893.55806972986
190  229200.09168003668
190  221631.20567375887
190  232774.67411545623
190  232126.27669452183
190  227894.25706472195
190  228050.1710376283
190  225275.96305474205
190  219925.22542335605
190  231053.60443622922
190  231803.43069077423
190  218150.0872600349
190  230893.55806972986
190  227376.08003638018
190  230786.98361412415
190  216122.75772638858
190  220409.96253030637
190  216778.66897897248
190  227014.75595913734
190  231320.8420078649
190  242248.06201550388
190  220215.81149526537
190  224064.53058480844
190  220701.83182520414
190  230627.30627306274
190  226757.36961451248
190  225784.60149017838
190  229832.22247759136
190  226705.96236681024
190  234246.89622862497
