190  219780.21978021978
190  226705.96236681024
190  224014.33691756273
190  218818.3807439825
190  221778.66489243734
190  229147.571035747
190  201694.2315449778
190  214500.2145002145
190  231320.8420078649
190  223463.687150838
190  223513.63433169422
190  227376.08003638018
190  222222.22222222222
190  216497.0772894566
190  212089.07741251326
190  224668.6137946529
190  220458.55379188713
190  213447.1718249733
190  218102.50817884406
190  218245.3077258839
190  216966.80407897593
190  225529.99548940008
190  206440.9578860446
190  221778.66489243734
190  226346.76324128566
190  226551.88038060715
190  233263.35432703522
190  225733.6343115124
190  217533.17380900588
190  216169.47686986596
