190  271879.5030042685
190  278287.97239383316
190  280017.9211469534
190  281801.2737417573
190  279751.58059643034
190  280875.20714546525
190  275118.30086937384
190  283390.48374755576
190  277292.51587499655
190  280143.43343792023
190  281396.85398317245
190  276464.571065218
190  279626.419104077
190  279790.71654402505
190  273590.3258460781
190  277669.7950796912
190  273965.09684666176
190  274371.0044722474
190  272486.98874628736
190  278055.83361138916
190  274355.9494087629
190  272205.13378882327
190  278218.2900703892
190  274861.1950964763
190  280041.44613402785
190  285038.3376564148
190  284665.0915198269
190  290056.851142824
190  285420.7101267268
190  289343.4796446862
