150  226346.76324128566
150  246669.955599408
150  248818.1139586962
150  251130.08538422902
150  252079.65717166624
150  256278.83136852895
150  245760.62914721062
150  262812.0893561104
150  256410.2564102564
150  246913.58024691357
150  228885.32845044634
150  244558.57177794082
150  235294.11764705883
150  233863.42376052384
150  238492.72597185787
150  240384.61538461538
150  237642.5855513308
150  229252.63640531866
150  239865.67522187575
150  240211.38601969733
150  240847.78420038536
150  244678.24810374356
150  232450.02324500232
150  241138.17217265494
150  243724.10431391664
150  236630.38334122102
150  242365.48715462917
150  248200.54604120128
150  238095.2380952381
150  235515.77955723033
