190  271436.71453000733
190  269658.0735627225
190  271746.514850947
190  275900.12415505585
190  270051.3097488523
190  271820.38109217427
190  273067.3657191229
190  274310.794129749
190  272724.79341096897
190  276586.91743880516
190  264802.45736680436
190  266524.52025586355
190  269331.2505049961
190  265266.06186004565
190  265512.5720202852
190  266481.9058785908
190  267701.78021683847
190  265865.52521734504
190  271157.0270343556
190  268125.2681252681
190  267716.1138328916
190  266723.5676944415
190  263379.6881584492
190  266915.78806886426
190  270445.6945045435
190  263261.8138738976
190  267981.56286847463
190  270562.77056277054
190  265463.2333421821
190  268146.83720805513
