150  205579.42561108485
150  197460.6559642991
150  206036.8806016277
150  183432.38682221732
150  190117.68284568147
150  195733.02016050107
150  198570.29388403494
150  196374.9189953459
150  192329.8842174097
150  190643.2302588935
150  187620.78087769
150  187209.824771604
150  183830.28787823083
150  182815.35648994514
150  188843.14688219965
150  194416.36208103274
150  191979.11267254123
150  186793.6863734006
150  184849.71717993272
150  185332.76497952073
150  183056.30812037783
150  202630.13920690565
150  203628.6627705716
150  200968.66898450532
150  201588.51751804218
150  200228.26021664697
150  190508.84913604238
150  206308.92698727074
150  203616.22414073953
150  204985.2410626435
