90  211385.2072631957
90  251616.6368920313
90  248601.61591050343
90  251978.0275160006
90  252295.8926228681
90  248768.59545251008
90  252060.59536712625
90  251540.68670607472
90  253318.471982977
90  240015.36098310293
90  228519.19561243145
90  228801.5375463323
90  228895.80662882255
90  231508.27642088206
90  235106.03282080218
90  232342.00743494424
90  239687.44756837084
90  236865.79184234212
90  239394.80992052093
90  237783.85447628106
90  235665.6375933825
90  240182.53872943437
90  236317.23225257586
90  237191.65085388994
90  234213.97789020048
90  238771.75807645472
90  237450.72897373795
90  234389.64935308456
90  238089.56929596915
90  244899.9583670071
