190  166286.9780667476
190  164842.41065541343
190  165892.50165892503
190  204235.85156138308
190  197784.81012658228
190  191979.11267254123
190  196772.9240456513
190  194159.6769182976
190  195076.27482345598
190  191644.3081640475
190  194821.64078785872
190  200589.73381742323
190  201142.48933944808
190  203678.43249078354
190  205119.78995733507
190  201686.09576055827
190  202101.8593371059
190  193378.71287128713
190  192871.47045209073
190  194204.92503689893
190  195045.83577140627
190  192741.36036852148
190  193300.21456323817
190  195553.12200559283
190  195049.64013341395
190  193614.59079556234
190  194427.70205898935
190  194541.17463961247
190  189444.1708028644
190  192897.51355105033
