190  277046.68236597866
190  271296.79869777535
190  270709.25825663237
190  265357.569324665
190  262867.3571315914
190  265153.5238903325
190  263852.2427440633
190  260817.4017370439
190  262391.43554354383
190  261342.2538155969
190  264697.3186161624
190  262901.9112968951
190  261021.63869384772
190  259996.88003743955
190  259504.3466978072
190  255310.45751633987
190  253196.607165464
190  256587.89418315244
190  255970.5121969949
190  256449.71021182745
190  254297.6299460889
190  256134.41934327135
190  252940.43252813962
190  255480.04700832866
190  253865.09608793887
190  254751.10816732052
190  260912.6725285047
190  263720.0348110446
190  264984.8958609359
190  260980.76571756662
