110  243724.10431391664
110  259470.6798131811
110  263296.4718272775
110  257931.39025019345
110  257069.4087403599
110  267236.7717797969
110  257931.39025019345
110  266382.5253063399
110  263365.8151171978
110  245158.12699190978
110  242189.39210462582
110  247524.75247524751
110  248632.5211337643
110  267737.6171352075
110  256937.30729701952
110  244439.01246638963
110  254258.83549453344
110  269905.5330634278
110  245579.5677799607
110  222965.44035674472
110  258799.1718426501
110  260552.37102657635
110  258531.54084798344
110  258866.1661920787
110  258866.1661920787
110  265041.081367612
110  259268.86180969665
110  263157.8947368421
110  262881.17770767614
110  250941.0288582183
