190  305511.42612733715
190  295761.7343468102
190  306965.03668232186
190  301850.34260013886
190  302837.58820144756
190  294646.2771442883
190  294325.4061690605
190  295936.7879021041
190  295185.524101898
190  295316.28373988543
190  295159.386068477
190  297185.6518767274
190  294741.80617778824
190  294403.3915270704
190  288383.8966432114
190  292124.3281140453
190  295840.48281166796
190  293642.63691087946
190  295133.2526635776
190  299553.6650390918
190  289561.3146083683
190  295351.172544155
190  288126.3145763103
190  291180.1531607606
190  293280.93380649324
190  296033.1557134399
190  298694.7041428955
190  296700.68834559695
190  298641.18261908315
190  297831.7846080534
