190  312773.6769673464
190  313833.7936228973
190  303214.0691328078
190  306100.5846521167
190  304404.7365377005
190  305632.8127387756
190  309157.2373709268
190  312382.8564288392
190  318491.6236702975
190  313952.02813010174
190  323018.28283480846
190  313597.59157049673
190  321771.0277366626
190  324612.0885541778
190  312441.41723426856
190  315040.0100812803
190  313577.92411414237
190  314109.8127905516
190  315736.2970447083
190  317490.554655999
190  313489.45107997116
190  312969.4541812719
190  313499.2789516584
190  310703.743980115
190  320194.6783644456
190  343029.6377607025
190  334001.336005344
190  318126.8689953553
190  321223.21801419806
190  317561.13051762467
