190  236742.42424242425
190  239463.60153256706
190  236016.0490913382
190  234631.6283435007
190  230893.55806972986
190  229568.41138659322
190  233263.35432703522
190  240500.2405002405
190  236798.48448969927
190  236016.0490913382
190  228414.80127912288
190  228675.96615595702
190  227117.87417669772
190  238095.2380952381
190  243131.53415998054
190  230946.88221709008
190  233808.74444704232
190  235183.44308560676
190  232504.06882120436
190  218627.02229995627
190  232612.23540358222
190  230043.70830457786
190  232126.27669452183
190  238720.45834328
190  235515.77955723033
190  239923.2245681382
190  236350.74450484518
190  235017.62632197415
190  247341.08335394508
190  235793.4449422306
