190  231160.4253351826
190  229042.60192395785
190  213265.08850501172
190  236294.89603024576
190  230467.849734962
190  214592.2746781116
190  234027.6152586005
190  230043.70830457786
190  226654.57842248413
190  235017.62632197415
190  231588.6984715146
190  233754.0906965872
190  227842.333105491
190  196309.38358853554
190  222370.46920169002
190  232180.17181332715
190  226295.54197782304
190  234686.6932644919
190  228154.23226100844
190  228102.1897810219
190  224215.2466367713
190  229990.80036798527
190  231213.87283236993
190  216122.75772638858
190  223264.12145568206
190  217249.61981316534
190  228258.3884957772
190  231107.00254217704
190  215517.24137931035
190  230946.88221709008
