170  230733.73327180435
170  241138.17217265494
170  252016.12903225806
170  254000.50800101602
170  248323.81425378693
170  247586.03614756127
170  242013.5527589545
170  232018.56148491878
170  232342.00743494424
170  240211.38601969733
170  234027.6152586005
170  235682.30025925054
170  240905.80582992051
170  240847.78420038536
170  242072.1374969741
170  228885.32845044634
170  242777.37314882252
170  245098.03921568627
170  235072.87259050304
170  234246.89622862497
170  242541.8384671356
170  251572.32704402515
170  243664.71734892786
170  232288.03716608594
170  251004.01606425704
170  247341.08335394508
170  244140.625
170  254906.95895997962
170  241021.93299590264
170  246305.41871921183
