90  209073.80305247754
90  261233.0198537095
90  261233.0198537095
90  266240.6815761448
90  257599.1756826378
90  268817.20430107525
90  271517.78441487916
90  271149.67462039046
90  268528.46401718585
90  262950.3023928478
90  273822.5629791895
90  259067.35751295337
90  267379.67914438504
90  261506.27615062761
90  276319.4252555955
90  270416.4413196322
90  267379.67914438504
90  267594.32700026757
90  271296.79869777535
90  275862.0689655172
90  272925.76419213973
90  272628.1352235551
90  270197.2439881113
90  264061.2622128334
90  265251.98938992043
90  265533.7227827934
90  263713.0801687764
90  268672.75658248254
90  264270.6131078224
90  276014.35274634283
