70 254419.01994061278
80 250252.57496381024
90 240122.49034589197
100 230307.90755806622
110 227245.48197432206
120 229470.8823735516
130 226836.44038656112
140 224863.14886011317
150 216974.6143263018
160 215009.84131994727
170 218265.90688711722
180 210980.66641472522
190 206433.22221719052
200 203509.30718866718
70 229336.36966113234
80 224270.7687251911
90 215104.51388797778
100 208844.70621759308
110 209923.3541086399
120 210132.09460874245
130 205083.800535488
140 203903.70168664627
150 193743.2800036795
160 196449.93499461503
170 194326.59151013382
180 193660.9740175532
190 188443.8962462744
200 184939.8841943171
