190  209511.83741881416
190  224064.53058480844
190  217344.05564007824
190  216543.95842356
190  212947.18909710392
190  217627.8563656148
190  215889.4645941278
190  223463.687150838
190  210792.58010118044
190  220361.39268400177
190  218054.94984736154
190  219010.07446342532
190  208116.5452653486
190  218150.0872600349
190  217864.92374727668
190  225580.87074216106
190  218962.1195533173
190  213447.1718249733
190  215889.4645941278
190  218531.46853146853
190  222024.86678507994
190  209511.83741881416
190  207082.2116380203
190  215285.25296017222
190  220653.1332744925
190  224064.53058480844
190  225479.14317925592
190  225580.87074216106
190  221877.0800976259
190  226295.54197782304
