190  216825.6721595837
190  239291.69657812873
190  226860.2540834846
190  219490.78138718175
190  242541.8384671356
190  234301.78069353328
190  213128.72975277068
190  238379.02264600716
190  231857.17597959656
190  236742.42424242425
190  227324.39190725164
190  230786.98361412415
190  239291.69657812873
190  230361.66781847502
190  224517.287831163
190  248508.94632206758
190  228885.32845044634
190  222321.03156958648
190  229885.05747126436
190  215007.52526338422
190  235682.30025925054
190  210748.1559536354
190  230096.6405890474
190  230414.7465437788
190  228675.96615595702
190  233426.7040149393
190  230149.59723820482
190  228102.1897810219
190  231535.077564251
190  220167.32716864816
