190  206782.46484698096
190  226963.23195642306
190  226039.7830018083
190  228102.1897810219
190  221483.94241417496
190  223015.16503122213
190  218674.83052700633
190  220848.05653710247
190  231803.43069077423
190  228102.1897810219
190  226705.96236681024
190  211416.49048625794
190  228780.59940517045
190  239693.19271332695
190  228780.59940517045
190  232612.23540358222
190  214868.92995272882
190  230255.5836979047
190  223613.59570661897
190  230043.70830457786
190  220653.1332744925
190  216872.6957276079
190  218388.29438742084
190  197902.23629527012
190  235849.05660377358
190  209248.7968194183
190  224971.8785151856
190  223164.47221602322
190  221778.66489243734
190  216637.78162911613
